#"Step"	"Time (ps)"	"Potential Energy (kJ/mole)"	"Kinetic Energy (kJ/mole)"	"Total Energy (kJ/mole)"	"Temperature (K)"	"Speed (ns/day)"
10000	440.0000000006447	-446877.9819355118	73257.31985539896	-373620.66208011284	302.24796347045003	0
20000	480.0000000008357	-446446.3959980118	72604.69503318449	-373841.7009648273	299.5553380261402	217
30000	520.0000000010267	-447004.9096698868	73000.59491563286	-374004.31475425395	301.18875750482715	216
40000	560.0000000012177	-446133.3901386368	73385.88459832722	-372747.5055403096	302.7784009994351	216
50000	600.0000000014087	-447441.9838886368	74203.69906994095	-373238.28481869586	306.1525724683043	216
60000	640.0000000015997	-447021.8471698868	72583.77033972484	-374438.07683016197	299.46900609375575	216
70000	680.0000000017907	-446846.0932636368	72976.51418241212	-373869.5790812247	301.0894042580907	216
80000	720.0000000019817	-447217.4526386368	72266.82024682296	-374950.63239181385	298.16132079636213	216
90000	760.0000000021727	-447489.0405292618	72552.75609135309	-374936.28443790873	299.3410462744854	216
100000	800.0000000023637	-446645.8100605118	72972.61287646985	-373673.19718404196	301.07330809489156	216
110000	840.0000000025547	-447374.9233417618	73620.06727822858	-373754.8560635332	303.7446012128739	216
120000	880.0000000027457	-446915.1186542618	72601.06423149433	-374314.0544227675	299.54035792014145	216
130000	920.0000000029366	-448274.8920917618	73235.11461163094	-375039.7774801309	302.15634819267984	216
140000	960.0000000031276	-447488.0053730118	72653.37192874856	-374834.63344426325	299.756171097584	216
150000	1000.0000000033186	-448150.4584980118	71486.00824438734	-376664.45025362447	294.9398155862988	216
160000	1040.0000000030548	-447012.5776386368	73047.20531924209	-373965.3723193947	301.3810645615859	216
170000	1080.000000002109	-446288.7827167618	73544.96556883628	-372743.8171479255	303.4347435937065	216
180000	1120.000000001163	-447701.6303730118	73542.49654261372	-374159.1338303981	303.42455678713213	216
190000	1160.0000000002171	-447350.9936542618	73061.6457058948	-374289.347948367	301.440643283086	216
200000	1199.9999999992713	-447683.0346698868	72363.09350863786	-375319.94116124895	298.55852884844006	216
210000	1239.9999999983254	-447898.9233417618	72438.59947623886	-375460.323865523	298.8700543722009	216
220000	1279.9999999973795	-446982.6264667618	73224.85431434098	-373757.77215242083	302.11401585010145	216
230000	1319.9999999964336	-446349.6733417618	72913.0740288801	-373436.5993128817	300.82766034983484	216
240000	1359.9999999954878	-447624.6967792618	73109.85728301783	-374514.839496244	301.63955652520156	216
250000	1399.999999994542	-448114.7299823868	72325.13455034734	-375789.59543203947	298.4019162688178	216
260000	1439.999999993596	-447299.7260761368	73084.60120551824	-374215.1248706186	301.5353539962997	216
270000	1479.9999999926501	-447049.7045917618	73223.57215355674	-373826.13243820507	302.1087258601504	216
280000	1519.9999999917043	-448919.8295917618	73141.45148981526	-375778.37810194655	301.76990916000767	216
290000	1559.9999999907584	-446323.3042011368	72757.33603309956	-373565.96816803725	300.1851103336378	216
300000	1599.9999999898125	-448150.2143573868	72411.19437266409	-375739.0199847227	298.75698530605814	216
310000	1639.9999999888666	-448110.2202167618	72683.41470375191	-375426.8055130099	299.8801227733986	216
320000	1679.9999999879208	-446779.4135761368	73433.08121343376	-373346.33236270305	302.9731266709012	216
330000	1719.999999986975	-447376.6538105118	73504.09295921284	-373872.560851299	303.2661097555482	216
340000	1759.999999986029	-446547.6577167618	73086.00749616046	-373461.65022060135	301.5411561261551	216
350000	1799.9999999850832	-446789.7065448868	72824.11617600045	-373965.59036888636	300.46063450285254	216
360000	1839.9999999841373	-448000.4116230118	72438.268145932	-375562.1434770798	298.8686873564449	216
370000	1879.9999999831914	-447173.8959980118	72704.51677273412	-374469.3792252777	299.96718652876774	216
380000	1919.9999999822455	-447252.1499042618	72894.24158771825	-374357.90831654356	300.74996071518285	216
390000	1959.9999999812997	-446162.0424823868	72703.62769188825	-373458.41479049856	299.9635183236579	216
400000	1999.9999999803538	-446251.4565448868	72435.53048322699	-373815.9260616598	298.85739219878843	216
410000	2039.999999979408	-447617.6674823868	73547.76014183764	-374069.90734054917	303.44627355412683	216
420000	2079.9999999784623	-446736.5991230118	73190.50628769421	-373546.0928353176	301.97230139585025	216
430000	2119.9999999775164	-447907.8588886368	72608.54903667865	-375299.3098519582	299.57123902701795	216
440000	2159.9999999765705	-448156.4018573868	72887.56153877557	-375268.84031861124	300.7223999036108	216
