#! FIELDS time cmap
 0.000000 39.561305
 0.004000 39.914597
 0.008000 39.633121
 0.012000 40.225957
 0.016000 40.100312
 0.020000 39.693175
 0.024000 40.446773
 0.028000 41.138906
 0.032000 40.946040
 0.036000 40.335048
 0.040000 39.152212
 0.044000 40.129096
 0.048000 41.425012
 0.052000 41.566615
 0.056000 40.115936
 0.060000 38.976527
 0.064000 40.762732
 0.068000 41.344961
 0.072000 40.718748
 0.076000 40.035456
 0.080000 41.229163
 0.084000 40.216764
 0.088000 40.681437
 0.092000 40.860650
 0.096000 40.439423
 0.100000 40.503045
 0.104000 38.959103
 0.108000 39.189997
 0.112000 39.088957
 0.116000 39.668624
 0.120000 38.765055
 0.124000 39.336250
 0.128000 39.847797
 0.132000 40.143488
 0.136000 38.941103
 0.140000 39.845515
 0.144000 40.527046
 0.148000 39.959373
 0.152000 41.286290
 0.156000 40.985757
 0.160000 40.403439
 0.164000 41.512444
 0.168000 42.291444
 0.172000 40.350101
 0.176000 40.364843
 0.180000 42.380914
 0.184000 40.863204
 0.188000 42.524985
 0.192000 40.666071
 0.196000 41.038310
 0.200000 40.605737
 0.204000 42.053223
 0.208000 41.207287
 0.212000 42.568601
 0.216000 40.908382
 0.220000 41.778573
 0.224000 43.155515
 0.228000 42.988552
 0.232000 41.059205
 0.236000 42.824232
 0.240000 41.925097
 0.244000 41.930464
 0.248000 42.358108
 0.252000 41.304560
 0.256000 42.159718
 0.260000 41.295823
 0.264000 41.398998
 0.268000 40.438737
 0.272000 40.216969
 0.276000 40.974829
 0.280000 39.724683
 0.284000 40.682234
 0.288000 38.509709
 0.292000 40.565537
 0.296000 39.562124
 0.300000 39.606425
 0.304000 39.956159
 0.308000 39.805887
 0.312000 40.836992
 0.316000 38.786103
 0.320000 39.371557
 0.324000 38.488608
 0.328000 38.331210
 0.332000 40.011709
 0.336000 40.213748
 0.340000 39.163216
 0.344000 38.335950
 0.348000 40.409711
 0.352000 39.449434
 0.356000 38.428626
 0.360000 38.585514
 0.364000 39.591279
 0.368000 38.245097
 0.372000 39.379420
 0.376000 39.695408
 0.380000 40.447691
 0.384000 40.823836
 0.388000 40.132133
 0.392000 41.012448
 0.396000 39.109816
