#! FIELDS time cmap metad.bias
 40.000000 39.823950 27.767635
 80.000000 38.622073 23.308912
 120.000000 39.515176 27.063991
 160.000000 39.530250 27.322845
 200.000000 39.665525 27.965621
 240.000000 38.965997 25.542864
 280.000000 37.106900 17.170233
 320.000000 39.454132 27.491508
 360.000000 36.445761 14.439968
 400.000000 36.404476 14.786886
 440.000000 33.793903 3.254670
 480.000000 33.261786 4.199068
 520.000000 33.849657 6.922690
 560.000000 34.960548 9.837659
 600.000000 34.299042 10.251130
 640.000000 35.515307 12.888917
 680.000000 35.576010 14.320586
 720.000000 35.458449 14.691387
 760.000000 37.193289 20.036160
 800.000000 35.757261 16.871293
 840.000000 32.446525 6.996002
 880.000000 34.357006 14.101716
 920.000000 34.902140 16.246792
 960.000000 34.896553 16.951468
 1000.000000 32.943686 10.574220
 1040.000000 31.960361 8.036443
 1080.000000 33.129995 11.929789
 1120.000000 32.937923 12.129001
 1160.000000 32.785949 12.671713
 1200.000000 35.299128 18.073704
 1240.000000 34.329938 17.454061
 1280.000000 33.221967 15.530010
 1320.000000 34.555459 18.645649
 1360.000000 35.847506 19.284102
 1400.000000 30.416450 7.563527
 1440.000000 32.254527 14.554699
 1480.000000 32.163395 15.052863
 1520.000000 35.096084 19.571323
 1560.000000 35.512225 20.051780
 1600.000000 37.085339 20.580434
 1640.000000 37.025560 20.967389
 1680.000000 38.328875 24.143706
 1720.000000 37.130626 22.038869
 1760.000000 36.172637 21.573604
 1800.000000 35.620022 21.407666
 1840.000000 37.192294 23.288217
 1880.000000 36.469657 23.206792
 1920.000000 35.382194 21.835446
 1960.000000 36.719819 24.279615
 2000.000000 34.779178 20.985789
 2040.000000 35.601302 23.069757
 2080.000000 37.395598 24.949564
 2120.000000 37.158848 25.417613
 2160.000000 37.779203 25.616878
 2200.000000 37.114034 26.022878
 2240.000000 37.882370 26.252668
 2280.000000 38.763079 26.745245
 2320.000000 38.669650 26.944249
 2360.000000 38.152614 27.015763
 2400.000000 38.682739 27.447408
 2440.000000 38.845410 27.840968
 2480.000000 37.916018 27.694940
 2520.000000 37.957697 27.949268
 2560.000000 39.242848 28.486983
 2600.000000 38.047898 28.322360
 2640.000000 40.061925 29.789138
 2680.000000 38.813196 29.026631
 2720.000000 39.625977 29.703732
 2760.000000 38.888007 29.541749
 2800.000000 36.328920 25.951908
 2840.000000 37.921922 29.097272
 2880.000000 37.648454 28.940060
 2920.000000 38.828433 29.912053
 2960.000000 35.383452 23.483881
 3000.000000 36.813871 28.039456
 3040.000000 38.624515 30.334450
 3080.000000 38.694787 30.505095
 3120.000000 39.365445 30.332805
 3160.000000 37.871406 30.504474
 3200.000000 40.117414 30.302566
 3240.000000 37.501378 30.001260
 3280.000000 36.542940 27.596872
 3320.000000 38.628070 31.624586
 3360.000000 36.262308 26.730190
 3400.000000 38.406421 31.779673
 3440.000000 39.627015 30.755755
 3480.000000 40.642426 30.690194
 3520.000000 39.531088 31.259912
 3560.000000 39.632252 31.387917
 3600.000000 39.482846 31.711092
 3640.000000 41.832088 30.305983
 3680.000000 39.565428 31.901183
 3720.000000 41.257137 31.065957
 3760.000000 39.657074 32.216134
 3800.000000 38.791341 32.648366
 3840.000000 38.719142 32.815916
 3880.000000 39.711514 32.553393
 3920.000000 38.862690 33.057571
 3960.000000 38.859779 33.177191
 4000.000000 40.850644 31.815187
 4040.000000 40.034304 32.755642
 4080.000000 38.328258 32.823899
 4120.000000 38.555838 33.229572
 4160.000000 41.203313 31.603663
 4200.000000 41.682565 31.048877
 4240.000000 40.724598 32.693902
 4280.000000 41.462819 31.655548
 4320.000000 39.819956 33.748510
 4360.000000 39.463507 33.990507
 4400.000000 40.341536 33.635575
 4440.000000 41.442704 32.008231
 4480.000000 39.066258 34.050448
 4520.000000 41.140636 32.850941
 4560.000000 41.694592 31.639477
 4600.000000 40.480124 34.226444
 4640.000000 39.665759 34.566128
 4680.000000 37.893545 32.240251
 4720.000000 40.439096 34.508686
 4760.000000 39.510412 34.753322
 4800.000000 39.222743 34.716981
 4840.000000 38.960056 34.588513
 4880.000000 39.138145 34.876973
 4920.000000 39.526307 35.264203
 4960.000000 39.839592 35.444982
 5000.000000 41.349255 33.320978
 5040.000000 37.434627 31.025407
 5080.000000 38.750818 34.693796
 5120.000000 39.351321 35.546458
 5160.000000 39.720438 35.860585
 5200.000000 40.475033 35.474761
 5240.000000 37.232718 30.724376
 5280.000000 37.614383 32.123929
 5320.000000 39.491717 36.010016
 5360.000000 40.385305 35.761148
 5400.000000 37.797846 32.908282
 5440.000000 35.973442 26.120295
 5480.000000 40.840571 35.022744
 5520.000000 40.540227 35.748092
 5560.000000 37.115975 30.899014
 5600.000000 38.815925 35.773926
 5640.000000 39.286546 36.394957
 5680.000000 36.927517 30.479307
 5720.000000 38.431580 35.285774
 5760.000000 37.157732 31.545778
 5800.000000 38.620158 35.704690
 5840.000000 38.662245 35.871436
 5880.000000 37.771383 33.906180
 5920.000000 36.979545 31.408202
 5960.000000 40.386905 36.147063
 6000.000000 39.261689 36.699391
 6040.000000 39.104070 36.669828
 6080.000000 39.104985 36.754630
 6120.000000 39.441398 37.014247
 6160.000000 39.158535 36.929087
 6200.000000 37.672248 34.173418
 6240.000000 39.218428 37.139687
 6280.000000 36.850087 31.329937
 6320.000000 38.139927 35.771154
 6360.000000 35.588422 25.744084
 6400.000000 36.751561 31.260503
 6440.000000 36.783184 31.516136
 6480.000000 35.794418 27.335307
 6520.000000 35.016064 24.372916
 6560.000000 35.165967 25.395693
 6600.000000 36.534705 30.854618
 6640.000000 35.297822 26.295832
 6680.000000 34.587823 23.404788
 6720.000000 37.980322 35.703069
 6760.000000 38.445679 36.668341
 6800.000000 41.680021 32.674863
 6840.000000 41.739204 32.638139
 6880.000000 41.578013 33.434251
 6920.000000 42.309618 30.666986
 6960.000000 42.119574 31.518794
 7000.000000 43.613328 24.838813
 7040.000000 41.919734 32.495031
 7080.000000 44.652652 17.650559
 7120.000000 43.789480 24.838632
 7160.000000 42.027942 32.348640
 7200.000000 41.190494 34.955663
 7240.000000 42.927549 29.724190
 7280.000000 42.930452 29.962787
 7320.000000 44.893614 15.991339
 7360.000000 44.822409 17.846607
 7400.000000 44.592220 20.666832
 7440.000000 44.172102 23.902931
 7480.000000 43.483769 27.788074
 7520.000000 44.393813 23.541224
 7560.000000 42.484482 31.600887
 7600.000000 44.879848 20.578717
 7640.000000 42.240007 32.449619
 7680.000000 42.472175 31.975480
 7720.000000 45.421073 15.947606
 7760.000000 44.251071 25.781058
 7800.000000 45.386754 16.694091
 7840.000000 43.759534 28.684796
 7880.000000 44.569136 24.588685
 7920.000000 43.746533 29.252310
 7960.000000 44.575013 25.154677
 8000.000000 45.745533 12.966363
 8040.000000 45.801319 13.242714
 8080.000000 44.615386 25.778450
 8120.000000 45.900663 13.645074
 8160.000000 43.308847 31.113400
 8200.000000 44.453868 27.629340
 8240.000000 45.179537 22.966447
 8280.000000 42.847796 32.105238
 8320.000000 41.652599 34.168930
 8360.000000 42.316705 32.983499
 8400.000000 42.627747 32.837849
 8440.000000 40.640422 36.301939
 8480.000000 43.669744 31.354756
 8520.000000 44.124428 29.928794
 8560.000000 43.586031 31.973798
 8600.000000 45.166722 23.412087
 8640.000000 43.618997 32.182062
 8680.000000 43.250639 33.174917
 8720.000000 43.810059 31.910860
 8760.000000 42.944953 33.880665
 8800.000000 43.779187 32.374156
 8840.000000 43.498527 33.366522
 8880.000000 42.372710 34.114234
 8920.000000 45.156679 24.104116
 8960.000000 42.507542 34.279270
 9000.000000 44.742277 27.872224
 9040.000000 42.748605 34.638372
 9080.000000 42.818192 34.812893
 9120.000000 42.486321 34.735730
 9160.000000 42.082497 34.670268
 9200.000000 43.511709 34.422831
 9240.000000 43.191478 35.132963
 9280.000000 42.995426 35.365515
 9320.000000 42.328160 35.156954
 9360.000000 42.733235 35.575478
 9400.000000 42.080933 35.216440
 9440.000000 43.436816 35.188682
 9480.000000 42.895254 35.952481
 9520.000000 42.336500 35.773788
 9560.000000 42.192314 35.793822
 9600.000000 43.157223 36.007515
 9640.000000 43.886168 33.915001
 9680.000000 46.060959 12.419808
 9720.000000 42.621758 36.517696
 9760.000000 43.238647 36.331890
 9800.000000 42.536185 36.671966
 9840.000000 42.253511 36.472426
 9880.000000 42.858946 36.904252
 9920.000000 41.535595 36.210962
 9960.000000 43.233003 36.563030
 10000.000000 41.181832 36.268295
 10040.000000 40.793075 36.485767
 10080.000000 41.747549 36.665307
 10120.000000 41.077495 36.429337
 10160.000000 42.791502 37.481215
 10200.000000 41.929607 37.163560
 10240.000000 42.118533 37.450427
 10280.000000 43.602147 35.882108
 10320.000000 42.168625 37.521909
 10360.000000 44.612641 30.287740
 10400.000000 42.906806 37.718906
 10440.000000 44.290865 32.809924
 10480.000000 44.249234 33.187798
 10520.000000 42.376986 37.886873
 10560.000000 41.714416 37.270948
 10600.000000 41.331352 36.921051
 10640.000000 42.305706 38.111269
 10680.000000 41.939469 37.860499
 10720.000000 43.856639 35.440876
 10760.000000 41.201320 37.053543
 10800.000000 41.311189 37.315294
 10840.000000 42.136481 38.387865
 10880.000000 41.645809 37.936097
 10920.000000 41.213252 37.463105
 10960.000000 41.442761 37.886110
 11000.000000 40.677536 37.277948
 11040.000000 41.882582 38.596622
 11080.000000 41.442196 38.187662
 11120.000000 41.218974 37.981997
 11160.000000 41.481971 38.466205
 11200.000000 40.959060 37.897518
 11240.000000 41.023691 38.089766
 11280.000000 40.133584 37.678672
 11320.000000 42.776596 38.878390
 11360.000000 40.656783 37.955907
 11400.000000 40.910563 38.236374
 11440.000000 40.980063 38.424565
 11480.000000 40.476574 38.065320
 11520.000000 40.879958 38.507914
 11560.000000 41.039983 38.783911
 11600.000000 41.957874 39.473343
 11640.000000 42.202192 39.508088
 11680.000000 41.215389 39.211097
 11720.000000 41.403161 39.513291
 11760.000000 39.579399 37.934733
 11800.000000 40.068001 38.267261
 11840.000000 41.126669 39.445926
 11880.000000 41.456515 39.832968
 11920.000000 41.060273 39.504338
 11960.000000 40.382179 38.745069
 12000.000000 39.609931 38.177306
 12040.000000 37.089207 33.279471
 12080.000000 33.671064 20.223209
 12120.000000 36.020143 29.431023
 12160.000000 40.289044 38.868618
 12200.000000 38.120998 36.371466
 12240.000000 39.064326 37.860568
 12280.000000 37.836804 35.860968
 12320.000000 39.717117 38.627704
 12360.000000 39.347776 38.402193
 12400.000000 38.196929 36.765163
 12440.000000 40.626313 39.414435
 12480.000000 40.740742 39.567762
 12520.000000 40.375162 39.404259
 12560.000000 41.321424 40.072399
 12600.000000 40.632477 39.757237
 12640.000000 40.802766 39.952355
 12680.000000 40.569888 39.874788
 12720.000000 40.588312 39.955226
 12760.000000 39.747421 39.393866
 12800.000000 40.360544 39.922720
 12840.000000 42.478942 39.699645
 12880.000000 44.147094 34.030094
 12920.000000 40.811695 40.375041
 12960.000000 41.136025 40.589112
 13000.000000 40.806686 40.518828
 13040.000000 41.786394 40.747946
 13080.000000 40.393136 40.270158
 13120.000000 40.632405 40.581962
 13160.000000 41.157417 40.976909
 13200.000000 42.253770 40.393107
 13240.000000 41.350665 41.210340
 13280.000000 41.298428 41.238260
 13320.000000 41.136008 41.227769
 13360.000000 39.334142 39.114227
 13400.000000 41.647362 41.262360
 13440.000000 40.283676 40.721058
 13480.000000 39.804561 40.089881
 13520.000000 40.623116 41.275992
 13560.000000 38.922346 38.442188
 13600.000000 42.247823 40.570965
 13640.000000 41.695037 41.500166
 13680.000000 42.478983 40.254800
 13720.000000 41.925620 41.323475
 13760.000000 41.303807 41.843416
 13800.000000 41.391890 41.920072
 13840.000000 40.810127 41.764260
 13880.000000 41.697912 41.870305
 13920.000000 39.738087 40.200950
 13960.000000 39.590328 39.906047
 14000.000000 43.665630 36.645388
 14040.000000 44.309781 33.068920
 14080.000000 41.512515 42.263177
 14120.000000 41.912103 41.930575
 14160.000000 41.524933 42.371830
 14200.000000 41.277541 42.423398
 14240.000000 41.804445 42.244989
 14280.000000 41.862478 42.242266
 14320.000000 41.925203 42.214108
 14360.000000 42.675173 40.717188
 14400.000000 43.348159 38.395393
 14440.000000 43.242928 38.948176
 14480.000000 44.627809 30.840054
 14520.000000 41.915429 42.374112
 14560.000000 43.813297 36.551126
 14600.000000 40.665714 42.042908
 14640.000000 40.242230 41.357278
 14680.000000 41.629365 42.762227
 14720.000000 41.382896 42.829533
 14760.000000 40.742647 42.379170
 14800.000000 40.840743 42.521898
 14840.000000 41.019490 42.731501
 14880.000000 42.163128 42.189313
 14920.000000 43.679577 37.345728
 14960.000000 42.902660 40.612836
 15000.000000 41.832986 42.863829
 15040.000000 40.838578 42.726981
 15080.000000 41.569341 43.153441
 15120.000000 38.843072 38.484575
 15160.000000 39.515134 40.211514
 15200.000000 40.831229 42.860707
 15240.000000 39.979096 41.437731
 15280.000000 39.757784 40.996580
 15320.000000 37.647485 35.587752
 15360.000000 41.094067 43.106745
 15400.000000 39.475460 40.496981
 15440.000000 38.163575 37.275486
 15480.000000 40.553527 42.702476
 15520.000000 40.729840 42.923923
 15560.000000 40.871214 43.083704
 15600.000000 39.783460 41.485198
 15640.000000 39.516876 40.933996
 15680.000000 38.142233 37.419123
 15720.000000 37.841338 36.534830
 15760.000000 38.306042 38.043474
 15800.000000 38.437630 38.515270
 15840.000000 39.535831 41.209421
 15880.000000 39.446042 41.077092
 15920.000000 39.734575 41.749229
 15960.000000 42.069150 42.724235
 16000.000000 39.009141 40.101486
 16040.000000 41.643121 43.438666
 16080.000000 41.840114 43.213397
 16120.000000 40.505222 43.252977
 16160.000000 41.003648 43.657840
 16200.000000 40.522838 43.382947
 16240.000000 41.749059 43.411308
 16280.000000 41.371244 43.779266
 16320.000000 41.376122 43.832038
 16360.000000 42.254964 42.577090
 16400.000000 43.370428 39.017802
 16440.000000 41.635980 43.825659
 16480.000000 41.470501 43.994831
 16520.000000 41.995759 43.378934
 16560.000000 43.622491 37.870508
 16600.000000 40.434182 43.460869
 16640.000000 41.724900 43.944655
 16680.000000 42.454559 42.529213
 16720.000000 43.057741 40.690774
 16760.000000 42.615656 42.221312
 16800.000000 44.127274 35.096871
 16840.000000 42.698138 42.100700
 16880.000000 42.986823 41.221960
 16920.000000 44.388847 33.412142
 16960.000000 43.344592 39.897841
 17000.000000 42.777508 42.099106
 17040.000000 42.134337 43.618624
 17080.000000 42.259288 43.426408
 17120.000000 40.735761 44.016281
 17160.000000 39.582289 41.828557
 17200.000000 39.579838 41.877783
 17240.000000 41.994832 43.981215
 17280.000000 40.528566 43.934128
 17320.000000 43.524088 39.113854
 17360.000000 43.096673 41.153192
 17400.000000 40.622383 44.130885
 17440.000000 41.085183 44.588339
 17480.000000 41.965683 44.277428
 17520.000000 42.859538 42.126278
 17560.000000 42.745467 42.546576
 17600.000000 42.128425 44.127532
 17640.000000 42.933591 42.017650
 17680.000000 42.536003 43.317288
 17720.000000 41.613046 44.896089
 17760.000000 42.413251 43.718600
 17800.000000 43.044371 41.820253
 17840.000000 44.093926 35.877246
 17880.000000 42.030411 44.598378
 17920.000000 42.752119 43.046186
 17960.000000 42.817426 42.876822
 18000.000000 44.531196 32.425554
 18040.000000 43.979286 36.819371
 18080.000000 43.121173 41.862565
 18120.000000 43.519143 39.906756
 18160.000000 44.248453 35.030149
 18200.000000 44.325365 34.479143
 18240.000000 43.251257 41.534770
 18280.000000 44.115996 36.368313
 18320.000000 42.624234 43.819999
 18360.000000 43.672199 39.506101
 18400.000000 44.407174 34.273011
 18440.000000 43.573063 40.196763
 18480.000000 41.837690 45.171247
 18520.000000 41.884470 45.164121
 18560.000000 44.217275 35.909461
 18600.000000 43.041389 42.884862
 18640.000000 44.998139 28.619724
 18680.000000 41.640821 45.359156
 18720.000000 42.459038 44.538115
 18760.000000 45.967347 15.656861
 18800.000000 46.423887 8.127583
 18840.000000 44.283775 35.831577
 18880.000000 44.061910 37.521603
 18920.000000 45.204962 27.932292
 18960.000000 44.281335 36.088274
 19000.000000 44.121913 37.374340
 19040.000000 43.902070 38.880178
 19080.000000 43.091194 42.926233
 19120.000000 43.862978 39.237935
 19160.000000 45.423251 26.808344
 19200.000000 46.230744 15.264002
 19240.000000 44.673198 34.180163
 19280.000000 42.076381 45.143637
 19320.000000 42.595669 44.390431
 19360.000000 42.616833 44.399698
 19400.000000 42.474803 44.717961
 19440.000000 43.259784 42.507038
 19480.000000 43.890106 39.460591
 19520.000000 44.473393 35.889575
 19560.000000 43.560057 41.346218
 19600.000000 43.780883 40.328923
 19640.000000 43.569981 41.462317
 19680.000000 42.818981 44.247206
 19720.000000 44.596603 35.125774
 19760.000000 42.551441 44.900935
 19800.000000 42.423863 45.134839
 19840.000000 42.738391 44.617417
 19880.000000 43.648621 41.362194
 19920.000000 43.700132 41.163210
 19960.000000 42.552344 45.071086
 20000.000000 40.501483 44.310824
 20040.000000 41.791050 45.835255
 20080.000000 40.491212 44.360414
 20120.000000 43.387472 42.748726
 20160.000000 41.907394 45.847387
 20200.000000 42.404081 45.438514
 20240.000000 41.061217 45.350674
 20280.000000 41.166667 45.536085
 20320.000000 41.631462 46.024727
 20360.000000 43.320616 43.198065
 20400.000000 44.217984 38.380740
 20440.000000 45.454019 27.098232
 20480.000000 44.029290 39.787111
 20520.000000 43.199427 43.831106
 20560.000000 42.194024 45.889171
 20600.000000 44.667705 35.277815
 20640.000000 44.635238 35.721971
 20680.000000 43.546078 42.608576
 20720.000000 42.382620 45.735243
 20760.000000 43.943564 40.790026
 20800.000000 44.119537 39.869944
 20840.000000 44.873543 34.102932
 20880.000000 43.475095 43.143792
 20920.000000 42.856448 45.054318
 20960.000000 42.105035 46.046963
 21000.000000 42.376739 45.863465
 21040.000000 41.225317 45.785744
 21080.000000 43.478822 43.292292
 21120.000000 45.027455 32.752582
 21160.000000 42.340026 46.013281
 21200.000000 42.949482 45.118658
 21240.000000 42.890238 45.277778
 21280.000000 43.413147 43.767984
 21320.000000 41.606703 46.313062
 21360.000000 42.333679 46.214600
 21400.000000 43.462668 43.643722
 21440.000000 43.180346 44.684345
 21480.000000 44.473988 38.040113
 21520.000000 44.021795 41.107753
 21560.000000 41.852941 46.537263
 21600.000000 41.250427 45.997623
 21640.000000 44.732753 35.945716
 21680.000000 44.191724 40.262181
 21720.000000 42.309346 46.468031
 21760.000000 42.590227 46.241941
 21800.000000 40.374532 44.290244
 21840.000000 40.862385 45.447897
 21880.000000 42.914292 45.727517
 21920.000000 42.009817 46.763059
 21960.000000 43.255654 44.843744
 22000.000000 40.196486 43.858166
 22040.000000 41.239434 46.183418
 22080.000000 40.468635 44.695705
 22120.000000 41.129308 46.076711
 22160.000000 41.356713 46.476762
 22200.000000 41.315834 46.445611
 22240.000000 42.257113 46.872346
 22280.000000 41.933747 47.008760
 22320.000000 44.033424 41.483421
 22360.000000 42.689769 46.445284
 22400.000000 43.789871 42.923888
 22440.000000 41.550892 46.828850
 22480.000000 42.683530 46.549861
 22520.000000 41.287931 46.518127
 22560.000000 41.159163 46.324538
 22600.000000 41.058488 46.172356
 22640.000000 41.923357 47.225977
 22680.000000 38.817269 39.964437
 22720.000000 40.387696 44.717508
 22760.000000 43.067099 45.811088
 22800.000000 40.893350 46.030258
 22840.000000 40.413769 44.897387
 22880.000000 37.176460 34.365253
 22920.000000 40.455174 45.089852
 22960.000000 43.635961 43.734102
 23000.000000 43.077573 45.853540
 23040.000000 41.306861 46.917467
 23080.000000 35.988874 29.646620
 23120.000000 38.917175 40.505803
 23160.000000 40.369064 44.951385
 23200.000000 41.007102 46.464235
 23240.000000 42.914305 46.321825
 23280.000000 38.631917 39.638775
 23320.000000 38.589249 39.522571
 23360.000000 40.272201 44.882547
 23400.000000 41.249732 47.010379
 23440.000000 39.482727 42.644053
 23480.000000 40.021735 44.331301
 23520.000000 41.753693 47.556144
 23560.000000 43.698130 43.517409
 23600.000000 41.040469 46.814003
 23640.000000 40.354132 45.326755
 23680.000000 40.324627 45.255814
 23720.000000 41.016075 46.835106
 23760.000000 44.199896 40.706894
 23800.000000 43.552276 44.321171
 23840.000000 44.902252 34.816171
 23880.000000 44.603651 37.767415
 23920.000000 45.025288 33.606771
 23960.000000 43.685214 43.924509
 24000.000000 43.906043 42.873203
 24040.000000 43.703559 43.920973
 24080.000000 44.768567 36.738092
 24120.000000 43.786226 43.580931
 24160.000000 46.744722 7.162385
 24200.000000 45.875914 23.873353
 24240.000000 46.053699 20.938116
 24280.000000 45.982905 22.288231
 24320.000000 44.560574 39.178365
 24360.000000 44.586941 39.056269
 24400.000000 42.844052 46.825103
 24440.000000 44.150941 42.061084
 24480.000000 43.601280 44.659664
 24520.000000 43.679883 44.405356
 24560.000000 42.367672 47.549323
 24600.000000 42.519343 47.441118
 24640.000000 43.384153 45.627549
 24680.000000 42.445614 47.575350
 24720.000000 42.182487 47.787596
 24760.000000 42.740268 47.278100
 24800.000000 43.554718 45.162873
 24840.000000 42.522124 47.638964
 24880.000000 43.059191 46.737153
 24920.000000 39.999753 44.373561
 24960.000000 41.968022 47.975958
 25000.000000 38.621355 39.778491
 25040.000000 39.316262 42.316835
 25080.000000 39.089859 41.568493
 25120.000000 36.660369 32.615123
 25160.000000 35.983134 29.876271
 25200.000000 36.234837 31.038490
 25240.000000 36.470520 32.229974
 25280.000000 37.822672 37.179738
 25320.000000 35.546972 28.776375
 25360.000000 36.398864 32.412411
 25400.000000 37.341494 35.659187
 25440.000000 37.392912 35.947422
 25480.000000 36.456500 33.076235
 25520.000000 36.516310 33.435313
 25560.000000 35.994503 31.452811
 25600.000000 35.224231 28.233463
 25640.000000 35.387902 29.224613
 25680.000000 34.731362 25.885599
 25720.000000 34.476959 24.615746
 25760.000000 34.590617 25.509914
 25800.000000 33.576267 21.187685
 25840.000000 35.741558 31.275722
 25880.000000 34.074302 23.868620
 25920.000000 36.051731 32.616687
 25960.000000 37.974975 38.070534
 26000.000000 38.932768 41.128676
 26040.000000 34.832793 27.905145
 26080.000000 35.941674 32.407178
 26120.000000 34.080662 24.690934
 26160.000000 35.562032 31.513735
 26200.000000 34.137408 25.458362
 26240.000000 33.035903 20.469782
 26280.000000 32.024564 16.887291
 26320.000000 32.429710 18.810823
 26360.000000 32.396945 19.064069
 26400.000000 34.405640 27.288034
 26440.000000 32.787653 21.211958
 26480.000000 34.434227 27.661126
 26520.000000 31.472343 16.684363
 26560.000000 34.283471 27.359662
 26600.000000 34.467118 28.201942
 26640.000000 33.379034 24.868064
 26680.000000 36.802481 35.325351
 26720.000000 36.814673 35.456225
 26760.000000 37.642299 37.387409
 26800.000000 35.543687 32.349487
 26840.000000 36.094430 33.945870
 26880.000000 35.085314 31.237341
 26920.000000 36.082907 34.106036
 26960.000000 31.650878 17.785240
 27000.000000 32.962500 23.593698
 27040.000000 31.080234 15.887379
 27080.000000 30.270451 11.810058
 27120.000000 29.303040 8.690641
 27160.000000 31.026153 16.864793
 27200.000000 32.694172 23.244198
 27240.000000 30.605380 15.596037
 27280.000000 29.721747 12.468575
 27320.000000 28.292547 6.824867
 27360.000000 27.200116 3.543910
 27400.000000 27.340788 4.692227
 27440.000000 31.251087 18.813384
 27480.000000 33.373321 25.916958
 27520.000000 32.479222 23.238640
 27560.000000 29.724611 15.406256
 27600.000000 31.388956 21.353880
 27640.000000 31.056608 20.716686
 27680.000000 33.138282 25.522190
 27720.000000 31.576068 22.549618
 27760.000000 33.472800 26.859256
 27800.000000 34.344710 29.387578
 27840.000000 32.654422 25.087720
 27880.000000 32.415536 24.900982
 27920.000000 34.334578 29.477691
 27960.000000 33.897468 28.733808
 28000.000000 33.999777 29.176869
 28040.000000 33.684534 28.662807
 28080.000000 34.067773 29.592908
 28120.000000 34.646411 30.945454
 28160.000000 32.286445 25.737003
 28200.000000 33.238502 28.372960
 28240.000000 34.153623 30.542688
 28280.000000 36.320664 35.047966
 28320.000000 35.274769 33.047214
 28360.000000 36.704555 35.968835
 28400.000000 35.789015 34.254623
 28440.000000 36.285918 35.388060
 28480.000000 36.929455 36.431068
 28520.000000 36.871498 36.425558
 28560.000000 36.796401 36.441462
 28600.000000 35.368512 34.079372
 28640.000000 36.967533 36.707532
 28680.000000 36.267817 36.030349
 28720.000000 38.390670 39.485343
 28760.000000 34.399762 31.536398
 28800.000000 37.375547 37.546032
 28840.000000 37.570680 37.889258
 28880.000000 36.831855 37.252698
 28920.000000 36.979904 37.445937
 28960.000000 37.746445 38.416793
 29000.000000 36.313932 36.657289
 29040.000000 37.252373 37.941223
 29080.000000 37.210375 37.982878
 29120.000000 37.188601 38.042321
 29160.000000 37.629719 38.606777
 29200.000000 38.208065 39.570311
 29240.000000 37.849687 39.086080
 29280.000000 38.142667 39.604758
 29320.000000 38.982300 41.530151
 29360.000000 38.895285 41.377628
 29400.000000 39.169987 42.180077
 29440.000000 39.116998 42.067012
 29480.000000 37.873792 39.547563
 29520.000000 40.165973 45.079637
 29560.000000 40.677874 46.415889
 29600.000000 41.255379 47.444771
 29640.000000 39.587176 43.683524
 29680.000000 38.783383 41.430722
 29720.000000 39.342006 43.041399
 29760.000000 39.771571 44.319507
 29800.000000 38.490758 40.905303
 29840.000000 36.960690 38.250685
 29880.000000 38.767894 41.712607
 29920.000000 37.491388 39.121931
 29960.000000 37.856579 39.866684
 30000.000000 37.270614 38.844048
 30040.000000 40.264567 45.636340
 30080.000000 37.876164 40.134004
 30120.000000 37.336844 39.080089
 30160.000000 40.280712 45.709210
 30200.000000 40.350083 45.922551
 30240.000000 39.790799 44.691946
 30280.000000 39.632200 44.380025
 30320.000000 38.043988 40.619252
 30360.000000 38.527272 41.761715
 30400.000000 38.314820 41.324392
 30440.000000 38.032492 40.721773
 30480.000000 40.054079 45.442153
 30520.000000 38.156837 41.114395
 30560.000000 39.395038 44.141650
 30600.000000 40.353559 46.161282
 30640.000000 42.553759 47.662322
 30680.000000 41.604745 47.981816
 30720.000000 41.822583 48.104470
 30760.000000 41.083998 47.477471
 30800.000000 40.170382 45.902707
 30840.000000 41.576926 48.069424
 30880.000000 43.235371 46.359648
 30920.000000 44.531129 39.963622
 30960.000000 43.364700 46.025904
 31000.000000 43.793264 44.383760
 31040.000000 44.774029 38.137629
 31080.000000 44.276731 41.918880
 31120.000000 43.017194 47.111600
 31160.000000 44.619084 39.678537
 31200.000000 46.181136 19.798901
 31240.000000 42.594838 47.831633
 31280.000000 46.492914 14.601006
 31320.000000 46.093091 22.415867
 31360.000000 44.610766 40.107016
 31400.000000 41.347757 47.879165
 31440.000000 42.150453 48.197334
 31480.000000 42.371741 48.105393
 31520.000000 44.282301 42.421625
 31560.000000 45.008447 36.936641
 31600.000000 42.935389 47.465896
 31640.000000 43.766487 45.076253
 31680.000000 42.358960 48.159439
 31720.000000 42.552092 48.046224
 31760.000000 42.467064 48.149445
 31800.000000 41.887002 48.365296
 31840.000000 42.323902 48.307179
 31880.000000 40.257418 46.130909
 31920.000000 39.460559 44.434409
 31960.000000 41.213889 47.903776
 32000.000000 41.060366 47.719850
 32040.000000 41.391414 48.184315
 32080.000000 42.614973 48.152431
 32120.000000 43.291884 46.845222
 32160.000000 44.158512 43.388694
 32200.000000 43.383949 46.629650
 32240.000000 43.004141 47.634039
 32280.000000 42.490182 48.406703
 32320.000000 43.407390 46.605973
 32360.000000 40.951097 47.670558
 32400.000000 41.184712 48.048820
 32440.000000 42.754157 48.193724
 32480.000000 41.490067 48.504002
 32520.000000 41.034500 47.905087
 32560.000000 41.234841 48.242682
 32600.000000 40.914863 47.764133
 32640.000000 41.275834 48.366010
 32680.000000 41.774997 48.874633
 32720.000000 39.699334 45.137963
 32760.000000 39.772764 45.342119
 32800.000000 40.232160 46.458569
 32840.000000 40.533380 47.224053
 32880.000000 40.626702 47.457478
 32920.000000 39.722719 45.369079
 32960.000000 41.597941 48.891969
 33000.000000 39.766251 45.528236
 33040.000000 40.640906 47.637611
 33080.000000 40.120650 46.470520
 33120.000000 39.110830 43.859218
 33160.000000 39.934107 46.129349
 33200.000000 39.461502 44.947561
 33240.000000 40.893567 48.190565
 33280.000000 39.726510 45.755801
 33320.000000 41.206985 48.623877
 33360.000000 41.645231 48.998429
 33400.000000 41.580206 49.000780
 33440.000000 40.897122 48.344854
 33480.000000 39.617743 45.576115
 33520.000000 40.121755 46.874797
 33560.000000 39.312157 44.718441
 33600.000000 39.903822 46.440686
 33640.000000 40.235894 47.256779
 33680.000000 39.346823 44.933148
 33720.000000 39.392362 45.120536
 33760.000000 38.117634 41.244696
 33800.000000 38.755689 43.222312
 33840.000000 37.948851 40.874814
 33880.000000 40.004782 46.865226
 33920.000000 38.575086 42.814698
 33960.000000 38.295102 42.037594
 34000.000000 38.740888 43.417502
 34040.000000 39.045840 44.383555
 34080.000000 39.590022 46.006540
 34120.000000 39.804686 46.577787
 34160.000000 38.855153 43.849784
 34200.000000 40.541562 48.169641
 34240.000000 39.366136 45.502737
 34280.000000 40.236442 47.629571
 34320.000000 39.827694 46.779964
 34360.000000 37.026564 38.869491
 34400.000000 38.553098 43.149531
 34440.000000 39.120147 44.943146
 34480.000000 40.441565 48.064696
 34520.000000 38.680864 43.685864
 34560.000000 38.088701 41.840537
 34600.000000 38.243964 42.397927
 34640.000000 38.857009 44.385469
 34680.000000 38.197626 42.402352
 34720.000000 39.698820 46.704234
 34760.000000 37.004837 38.985638
 34800.000000 37.584961 40.694725
 34840.000000 36.426116 37.709976
 34880.000000 38.400408 43.266071
 34920.000000 37.241255 39.900618
 34960.000000 39.591937 46.494268
 35000.000000 37.658876 41.285727
 35040.000000 38.284864 43.153307
 35080.000000 37.690607 41.497485
 35120.000000 37.956895 42.358499
 35160.000000 39.458612 46.284634
 35200.000000 39.292433 45.932185
 35240.000000 38.918923 45.071783
 35280.000000 39.600396 46.717450
 35320.000000 39.720103 46.999418
 35360.000000 38.998143 45.396829
 35400.000000 39.343141 46.289554
 35440.000000 37.103102 39.781293
 35480.000000 39.929917 47.460081
 35520.000000 37.457286 40.995249
 35560.000000 38.958228 45.507542
 35600.000000 37.162599 40.135917
 35640.000000 37.953271 42.808416
 35680.000000 37.874303 42.601966
 35720.000000 39.424703 46.598123
 35760.000000 37.557151 41.715415
 35800.000000 40.121592 47.783039
 35840.000000 38.883288 45.507975
 35880.000000 37.519944 41.681515
 35920.000000 36.442745 38.189403
 35960.000000 36.575214 38.677537
 36000.000000 36.408397 38.152868
 36040.000000 37.225455 40.964819
 36080.000000 38.672022 45.144226
 36120.000000 38.334614 44.377854
 36160.000000 38.793905 45.507255
 36200.000000 39.675453 47.218787
 36240.000000 38.026119 43.729585
 36280.000000 39.119103 46.291871
 36320.000000 39.023941 46.148548
 36360.000000 38.010185 43.821642
 36400.000000 36.762723 39.554789
 36440.000000 37.401843 41.919264
 36480.000000 37.485450 42.303910
 36520.000000 37.320086 41.775544
 36560.000000 37.507392 42.533065
 36600.000000 38.754350 45.800555
 36640.000000 38.940731 46.186929
 36680.000000 40.045820 47.787692
 36720.000000 37.556011 42.863102
 36760.000000 38.279875 45.002242
 36800.000000 38.251598 44.974937
 36840.000000 37.137340 41.358240
 36880.000000 38.254211 45.045348
 36920.000000 38.200937 44.966850
 36960.000000 36.545235 39.182702
 37000.000000 37.723802 43.747375
 37040.000000 37.086749 41.409943
 37080.000000 38.129296 44.952899
 37120.000000 38.567203 45.876358
 37160.000000 38.083494 44.942405
 37200.000000 38.583553 45.976799
 37240.000000 37.972124 44.779626
 37280.000000 39.636306 47.458402
 37320.000000 39.098076 46.846908
 37360.000000 37.367013 42.829886
 37400.000000 38.694793 46.363786
 37440.000000 37.220815 42.313015
 37480.000000 38.288284 45.732412
 37520.000000 39.258927 47.147516
 37560.000000 38.432776 46.073938
 37600.000000 37.880157 44.849321
 37640.000000 38.497339 46.274718
 37680.000000 38.478236 46.278323
 37720.000000 40.213487 48.127144
 37760.000000 39.209680 47.289250
 37800.000000 39.692101 47.773819
 37840.000000 37.951935 45.180912
 37880.000000 38.431034 46.341460
 37920.000000 37.604833 44.088426
 37960.000000 36.886329 41.138865
 38000.000000 38.593423 46.704299
 38040.000000 36.155330 37.955325
 38080.000000 37.088694 42.219134
 38120.000000 37.619493 44.354276
 38160.000000 37.104296 42.411341
 38200.000000 35.377683 35.112143
 38240.000000 35.801265 36.836159
 38280.000000 35.634004 36.277451
 38320.000000 35.274970 35.017560
 38360.000000 36.134101 38.557951
 38400.000000 36.932150 41.976877
 38440.000000 35.228561 35.152740
 38480.000000 37.938889 45.408861
 38520.000000 36.522890 40.535072
 38560.000000 35.868264 37.934745
 38600.000000 35.475542 36.634424
 38640.000000 34.887088 34.285583
 38680.000000 36.904290 42.020223
 38720.000000 37.077888 42.672538
 38760.000000 37.588048 44.426564
 38800.000000 37.083103 42.794116
 38840.000000 34.566349 33.111466
 38880.000000 35.734674 38.156621
 38920.000000 37.014449 42.666714
 38960.000000 36.071927 39.520290
 39000.000000 37.235006 43.439183
 39040.000000 36.415038 40.916492
 39080.000000 35.679792 38.361508
 39120.000000 35.961302 39.455127
 39160.000000 33.437567 29.196523
 39200.000000 34.765787 34.469770
 39240.000000 35.694495 38.681185
 39280.000000 36.553368 41.659954
 39320.000000 33.577906 29.956511
 39360.000000 35.645085 38.743855
 39400.000000 35.147827 36.830979
 39440.000000 36.040991 40.198407
 39480.000000 35.439542 38.170117
 39520.000000 36.401502 41.506712
 39560.000000 37.116514 43.416904
 39600.000000 33.434516 29.552106
 39640.000000 34.820900 35.636183
 39680.000000 34.596266 34.644204
 39720.000000 36.093004 40.825833
 39760.000000 35.601050 39.349167
 39800.000000 37.299621 44.019437
 39840.000000 36.961744 43.281158
 39880.000000 37.098440 43.651967
 39920.000000 35.498234 39.036991
 39960.000000 36.416550 42.115346
 40000.000000 37.228163 44.119821
