#! FIELDS time cmap metad.bias
 40.000000 41.932880 29.514949
 80.000000 40.813418 29.668476
 120.000000 40.823448 29.911205
 160.000000 40.775279 30.082240
 200.000000 40.724509 30.231558
 240.000000 39.667050 27.900129
 280.000000 39.291907 26.644649
 320.000000 38.367541 22.984704
 360.000000 38.485153 23.946985
 400.000000 35.504978 8.821194
 440.000000 36.231350 13.304725
 480.000000 35.358585 10.242188
 520.000000 37.048393 18.081912
 560.000000 36.451607 16.270391
 600.000000 37.637254 21.456460
 640.000000 37.337380 20.821246
 680.000000 37.132635 20.617102
 720.000000 36.307766 17.742796
 760.000000 37.143696 21.407684
 800.000000 37.700731 23.311447
 840.000000 37.628299 23.501483
 880.000000 36.175100 18.010243
 920.000000 38.820165 26.715431
 960.000000 37.361484 23.662667
 1000.000000 33.307824 2.895962
 1040.000000 34.757552 11.026725
 1080.000000 34.253509 9.094684
 1120.000000 39.196961 27.783331
 1160.000000 37.819367 25.472219
 1200.000000 38.607984 27.322677
 1240.000000 37.216868 23.785828
 1280.000000 39.351212 28.941985
 1320.000000 37.001276 23.365872
 1360.000000 34.005235 9.068304
 1400.000000 33.819505 8.891595
 1440.000000 37.842622 26.618488
 1480.000000 39.055450 28.904155
 1520.000000 37.765643 26.763899
 1560.000000 36.466472 22.506785
 1600.000000 38.924058 29.191710
 1640.000000 39.483128 29.872996
 1680.000000 40.516686 30.754968
 1720.000000 40.359748 30.875844
 1760.000000 41.682754 30.545503
 1800.000000 38.857736 29.484069
 1840.000000 39.567868 30.516497
 1880.000000 38.747100 29.764357
 1920.000000 39.138010 30.434942
 1960.000000 37.168114 25.773791
 2000.000000 34.744387 14.717102
 2040.000000 37.849279 28.169353
 2080.000000 34.689072 15.637408
 2120.000000 33.719514 11.051587
 2160.000000 36.649120 24.519324
 2200.000000 36.439177 24.101022
 2240.000000 37.494157 27.539555
 2280.000000 38.388939 29.790154
 2320.000000 36.028209 22.745959
 2360.000000 37.282195 27.549601
 2400.000000 38.586535 30.463771
 2440.000000 38.747561 30.782784
 2480.000000 36.574977 25.673688
 2520.000000 37.628603 29.311216
 2560.000000 38.663132 30.984930
 2600.000000 38.497061 31.074407
 2640.000000 39.414128 31.580521
 2680.000000 39.059504 31.698206
 2720.000000 39.365131 31.801294
 2760.000000 40.212045 31.596386
 2800.000000 38.151798 31.518398
 2840.000000 38.517360 32.180315
 2880.000000 39.651995 32.164084
 2920.000000 40.132209 31.821585
 2960.000000 38.262431 32.227120
 3000.000000 35.730480 22.300574
 3040.000000 36.574968 26.902417
 3080.000000 36.145945 24.942616
 3120.000000 37.509336 30.753686
 3160.000000 35.302234 21.102437
 3200.000000 34.553916 17.438371
 3240.000000 35.975538 24.995400
 3280.000000 33.565687 13.010811
 3320.000000 32.848108 9.886055
 3360.000000 33.369385 13.506463
 3400.000000 35.269528 22.627822
 3440.000000 37.914465 31.955437
 3480.000000 37.222565 30.115816
 3520.000000 34.738490 20.904746
 3560.000000 36.353734 27.700080
 3600.000000 37.082402 30.048152
 3640.000000 33.598482 15.960058
 3680.000000 34.582927 21.233014
 3720.000000 33.774605 17.753656
 3760.000000 34.420126 21.169969
 3800.000000 31.255589 2.901051
 3840.000000 34.475071 22.097023
 3880.000000 31.518526 4.752289
 3920.000000 31.572049 6.964769
 3960.000000 32.425643 14.069275
 4000.000000 31.905176 11.750095
 4040.000000 29.934210 3.329356
 4080.000000 31.874798 12.669434
 4120.000000 32.235116 15.136587
 4160.000000 32.729409 17.667594
 4200.000000 33.133718 19.476877
 4240.000000 32.453002 18.338137
 4280.000000 34.066201 22.114220
 4320.000000 33.675891 21.798906
 4360.000000 34.364330 23.195051
 4400.000000 35.584315 26.475820
 4440.000000 34.325878 23.538441
 4480.000000 35.504540 26.953306
 4520.000000 34.061172 23.500486
 4560.000000 34.574746 25.188508
 4600.000000 33.059519 21.572373
 4640.000000 33.682693 23.580843
 4680.000000 30.379882 8.915294
 4720.000000 30.535430 10.870556
 4760.000000 32.183695 20.277311
 4800.000000 34.648840 25.903479
 4840.000000 32.475252 21.811126
 4880.000000 33.944739 25.351978
 4920.000000 33.112789 23.584985
 4960.000000 33.705055 25.478486
 5000.000000 33.075788 24.152779
 5040.000000 31.066959 15.230364
 5080.000000 34.487179 27.195271
 5120.000000 32.645670 23.781523
 5160.000000 30.104995 9.200964
 5200.000000 33.506234 26.555853
 5240.000000 32.592844 24.232296
 5280.000000 32.911955 25.304594
 5320.000000 31.814612 21.061447
 5360.000000 35.111302 28.117873
 5400.000000 36.091718 28.552793
 5440.000000 34.455168 28.325336
 5480.000000 35.932521 28.960406
 5520.000000 37.713775 31.904707
 5560.000000 35.720364 29.252548
 5600.000000 36.489375 30.304627
 5640.000000 36.634927 30.689627
 5680.000000 37.060372 31.338894
 5720.000000 37.378085 31.814637
 5760.000000 34.870874 29.116485
 5800.000000 36.020007 30.563834
 5840.000000 36.700307 31.559763
 5880.000000 37.277368 32.019396
 5920.000000 37.768116 32.537979
 5960.000000 37.330642 32.379469
 6000.000000 38.394535 32.998478
 6040.000000 38.201832 33.136444
 6080.000000 36.608732 32.247647
 6120.000000 37.466867 33.063979
 6160.000000 37.098511 32.797440
 6200.000000 35.831024 31.027872
 6240.000000 38.668603 33.679403
 6280.000000 37.772313 33.818708
 6320.000000 36.163826 31.824282
 6360.000000 36.545860 32.661339
 6400.000000 37.814051 34.231054
 6440.000000 38.015312 34.368781
 6480.000000 38.859104 34.053881
 6520.000000 38.430006 34.463505
 6560.000000 39.330733 33.708860
 6600.000000 40.520271 32.195126
 6640.000000 39.563213 33.612036
 6680.000000 39.851809 33.344639
 6720.000000 39.745255 33.604151
 6760.000000 40.643761 32.563792
 6800.000000 39.196945 34.482593
 6840.000000 38.676204 34.888447
 6880.000000 39.825275 34.090783
 6920.000000 39.906579 34.090519
 6960.000000 40.191380 33.738039
 7000.000000 41.462246 31.606580
 7040.000000 41.430341 31.877295
 7080.000000 41.475327 31.920386
 7120.000000 40.422091 33.993708
 7160.000000 40.663162 33.854525
 7200.000000 40.899235 33.567386
 7240.000000 40.388943 34.506701
 7280.000000 41.452307 32.418242
 7320.000000 39.985258 34.908003
 7360.000000 39.952409 35.008341
 7400.000000 40.909767 34.099031
 7440.000000 40.821236 34.379670
 7480.000000 40.600255 34.865781
 7520.000000 38.792809 35.477072
 7560.000000 40.439341 35.256173
 7600.000000 41.303440 33.494763
 7640.000000 40.620141 35.252087
 7680.000000 39.497360 35.976161
 7720.000000 41.016920 34.481546
 7760.000000 41.590531 32.766087
 7800.000000 39.342630 36.186863
 7840.000000 40.718143 35.475068
 7880.000000 38.829022 35.888850
 7920.000000 38.806400 35.924386
 7960.000000 40.039840 36.553435
 8000.000000 41.275381 34.169879
 8040.000000 41.780357 32.456928
 8080.000000 40.551475 36.308089
 8120.000000 41.784454 32.471627
 8160.000000 41.371205 34.110410
 8200.000000 41.393930 34.072678
 8240.000000 40.822348 36.047515
 8280.000000 43.358020 25.666095
 8320.000000 41.001741 35.742574
 8360.000000 41.524374 34.203292
 8400.000000 37.896279 35.033290
 8440.000000 38.112524 35.487048
 8480.000000 38.593012 36.274511
 8520.000000 39.982237 37.526020
 8560.000000 39.163831 37.133300
 8600.000000 38.814969 36.796208
 8640.000000 39.064785 37.127273
 8680.000000 35.646421 31.039705
 8720.000000 39.059454 37.141289
 8760.000000 38.902311 37.075418
 8800.000000 38.674767 36.947841
 8840.000000 39.285335 37.624827
 8880.000000 39.252177 37.701535
 8920.000000 40.280821 37.663799
 8960.000000 40.006722 38.010312
 9000.000000 39.848679 38.154818
 9040.000000 42.532399 30.152736
 9080.000000 40.915203 36.666013
 9120.000000 42.667888 29.949456
 9160.000000 43.092926 28.066979
 9200.000000 43.588887 25.485790
 9240.000000 42.240058 32.284714
 9280.000000 43.523041 26.351343
 9320.000000 43.248104 28.173874
 9360.000000 43.178327 28.757229
 9400.000000 45.309173 10.622523
 9440.000000 45.569643 8.488139
 9480.000000 44.440410 21.985302
 9520.000000 44.816634 19.687156
 9560.000000 45.631145 10.742783
 9600.000000 43.512227 27.808761
 9640.000000 41.724308 34.324392
 9680.000000 42.411900 32.267102
 9720.000000 43.638881 27.824631
 9760.000000 44.747329 21.689381
 9800.000000 44.877603 21.068122
 9840.000000 42.879258 31.192507
 9880.000000 43.253066 30.092942
 9920.000000 44.925455 21.994854
 9960.000000 43.762798 28.566064
 10000.000000 43.565753 29.447163
 10040.000000 45.024988 22.221115
 10080.000000 43.779709 29.196537
 10120.000000 43.814963 29.400718
 10160.000000 43.090924 31.341886
 10200.000000 46.259951 6.976752
 10240.000000 43.030138 31.581855
 10280.000000 42.779054 32.263788
 10320.000000 43.382722 31.321463
 10360.000000 41.893073 34.191468
 10400.000000 46.751921 1.870469
 10440.000000 44.565535 27.360621
 10480.000000 45.127320 23.670721
 10520.000000 42.168857 33.776828
 10560.000000 42.892260 32.903094
 10600.000000 42.564832 33.496808
 10640.000000 44.587425 27.966127
 10680.000000 44.648016 27.851413
 10720.000000 43.885218 31.300212
 10760.000000 46.170807 11.154588
 10800.000000 43.618889 32.247987
 10840.000000 41.536251 35.349609
 10880.000000 43.067460 33.337180
 10920.000000 43.242379 33.177367
 10960.000000 43.658823 32.518498
 11000.000000 42.890832 33.978162
 11040.000000 41.851416 35.190263
 11080.000000 40.845081 37.108569
 11120.000000 42.650828 34.598782
 11160.000000 43.170244 34.014484
 11200.000000 42.339486 35.252616
 11240.000000 43.027917 34.519034
 11280.000000 43.217081 34.304809
 11320.000000 44.189348 31.142689
 11360.000000 44.483297 29.786556
 11400.000000 43.444554 34.192259
 11440.000000 42.235479 35.854478
 11480.000000 43.073401 35.291327
 11520.000000 43.554505 34.261596
 11560.000000 43.015534 35.657312
 11600.000000 42.713940 36.108529
 11640.000000 44.648271 29.200980
 11680.000000 43.558784 34.749723
 11720.000000 44.121714 32.672349
 11760.000000 41.573966 36.323534
 11800.000000 45.722203 18.956302
 11840.000000 45.915219 16.714711
 11880.000000 43.394049 35.607886
 11920.000000 43.042427 36.319425
 11960.000000 44.507079 31.190526
 12000.000000 46.086156 14.478287
 12040.000000 42.972804 36.604904
 12080.000000 45.593129 22.230933
 12120.000000 44.740088 30.324148
 12160.000000 42.738587 36.810745
 12200.000000 44.915835 29.240846
 12240.000000 45.245178 26.412168
 12280.000000 42.781744 36.949208
 12320.000000 42.536101 37.000240
 12360.000000 43.324992 36.785010
 12400.000000 43.890189 35.379791
 12440.000000 42.160421 36.922789
 12480.000000 43.070053 37.344990
 12520.000000 41.745730 36.792407
 12560.000000 42.603903 37.611448
 12600.000000 41.464319 36.808421
 12640.000000 43.006408 37.748860
 12680.000000 45.320500 25.943495
 12720.000000 45.274342 26.637451
 12760.000000 44.014111 35.557766
 12800.000000 46.114413 16.760538
 12840.000000 46.076734 18.582471
 12880.000000 45.825215 22.377912
 12920.000000 46.136560 19.279309
 12960.000000 47.178721 5.365171
 13000.000000 45.086842 29.718119
 13040.000000 45.790434 24.390631
 13080.000000 46.018013 22.500862
 13120.000000 43.693853 36.873111
 13160.000000 44.443929 34.293304
 13200.000000 44.072041 35.938833
 13240.000000 43.818304 36.792507
 13280.000000 43.534571 37.430010
 13320.000000 43.577926 37.450831
 13360.000000 44.203581 35.959406
 13400.000000 44.218850 36.005841
 13440.000000 43.761633 37.423332
 13480.000000 42.334057 37.776394
 13520.000000 42.899082 38.328821
 13560.000000 43.392763 38.267627
 13600.000000 43.294431 38.427071
 13640.000000 44.210714 36.549539
 13680.000000 44.348377 36.115871
 13720.000000 45.750757 26.050530
 13760.000000 47.360504 4.295117
 13800.000000 46.312081 21.080890
 13840.000000 44.852232 33.673537
 13880.000000 42.823523 38.618232
 13920.000000 43.921266 37.932726
 13960.000000 43.328679 38.898017
 14000.000000 45.420656 29.779065
 14040.000000 44.628649 35.392902
 14080.000000 43.481104 39.005843
 14120.000000 43.985985 38.182685
 14160.000000 43.839673 38.651566
 14200.000000 41.948760 37.600476
 14240.000000 41.963046 37.739202
 14280.000000 42.278414 38.426059
 14320.000000 43.016479 39.343330
 14360.000000 41.323941 37.422947
 14400.000000 42.736045 39.315995
 14440.000000 41.872864 38.136870
 14480.000000 41.829112 38.178690
 14520.000000 41.543768 37.891483
 14560.000000 42.502489 39.405258
 14600.000000 41.177221 37.745781
 14640.000000 42.044577 38.941831
 14680.000000 41.781671 38.650017
 14720.000000 41.670182 38.601310
 14760.000000 41.650127 38.667734
 14800.000000 42.633117 39.862862
 14840.000000 41.256150 38.309006
 14880.000000 42.754169 39.964534
 14920.000000 42.677856 40.031172
 14960.000000 41.877579 39.465256
 15000.000000 41.774216 39.402111
 15040.000000 40.876990 38.330253
 15080.000000 41.711214 39.474501
 15120.000000 41.711867 39.549606
 15160.000000 40.943971 38.524262
 15200.000000 40.938376 38.590390
 15240.000000 39.819936 38.350865
 15280.000000 42.692690 40.457068
 15320.000000 42.584675 40.562822
 15360.000000 42.244103 40.582248
 15400.000000 41.837635 40.307634
 15440.000000 41.996193 40.549636
 15480.000000 42.481703 40.813161
 15520.000000 42.567703 40.859422
 15560.000000 41.396197 39.816866
 15600.000000 43.263307 40.240962
 15640.000000 41.286093 39.653109
 15680.000000 41.132945 39.451677
 15720.000000 41.466576 40.193708
 15760.000000 43.159645 40.542301
 15800.000000 41.593429 40.573685
 15840.000000 41.866621 41.052470
 15880.000000 42.559370 41.347515
 15920.000000 42.440229 41.470654
 15960.000000 40.965067 39.504263
 16000.000000 41.262212 40.200558
 16040.000000 42.855188 41.271930
 16080.000000 41.302908 40.419562
 16120.000000 41.211037 40.282919
 16160.000000 41.863147 41.633817
 16200.000000 41.622097 41.376443
 16240.000000 42.642200 41.701599
 16280.000000 43.675150 39.683768
 16320.000000 40.744594 39.501073
 16360.000000 40.579599 39.236163
 16400.000000 40.842099 39.790955
 16440.000000 40.420262 39.140657
 16480.000000 40.149944 38.823732
 16520.000000 41.301529 41.153961
 16560.000000 40.820000 40.074864
 16600.000000 40.908974 40.308580
 16640.000000 41.019318 40.639540
 16680.000000 42.023881 42.390026
 16720.000000 42.050860 42.457614
 16760.000000 41.199180 41.280128
 16800.000000 41.144027 41.215087
 16840.000000 40.858429 40.611395
 16880.000000 42.268884 42.571832
 16920.000000 42.950990 41.582345
 16960.000000 41.063001 41.280942
 17000.000000 39.143870 37.954658
 17040.000000 40.990856 41.224656
 17080.000000 41.115866 41.577965
 17120.000000 41.952519 42.941675
 17160.000000 40.660241 40.488561
 17200.000000 41.310042 42.195081
 17240.000000 42.510064 42.709876
 17280.000000 42.624092 42.576614
 17320.000000 42.210085 43.136850
 17360.000000 42.854152 42.209165
 17400.000000 43.139736 41.563809
 17440.000000 44.108012 38.366155
 17480.000000 39.492839 38.537586
 17520.000000 41.541721 42.936738
 17560.000000 40.484409 40.416837
 17600.000000 40.488095 40.500227
 17640.000000 40.588088 40.802353
 17680.000000 39.670707 39.199882
 17720.000000 39.215311 38.550807
 17760.000000 40.280353 40.254540
 17800.000000 39.985736 39.887602
 17840.000000 37.416095 34.967299
 17880.000000 37.598588 35.494289
 17920.000000 37.618389 35.643069
 17960.000000 37.792134 36.197841
 18000.000000 37.615125 35.895472
 18040.000000 38.308054 37.427967
 18080.000000 35.840171 31.677560
 18120.000000 36.525036 33.482023
 18160.000000 38.757327 38.423160
 18200.000000 37.816162 36.849697
 18240.000000 38.564603 38.308489
 18280.000000 38.543157 38.377737
 18320.000000 40.236065 40.317337
 18360.000000 38.306315 38.145226
 18400.000000 40.357667 40.597772
 18440.000000 39.713743 40.015140
 18480.000000 39.992976 40.284546
 18520.000000 38.121564 37.912241
 18560.000000 38.275648 38.327706
 18600.000000 38.427199 38.687987
 18640.000000 39.149161 39.862519
 18680.000000 38.233505 38.445840
 18720.000000 37.531945 36.648010
 18760.000000 37.780488 37.426573
 18800.000000 37.632077 37.065090
 18840.000000 39.034804 40.073008
 18880.000000 37.534882 36.939374
 18920.000000 39.101198 40.175303
 18960.000000 37.561461 37.233308
 19000.000000 37.756067 37.895250
 19040.000000 37.278349 36.495695
 19080.000000 39.566017 40.556801
 19120.000000 37.325863 36.789868
 19160.000000 37.054084 35.955844
 19200.000000 37.632563 37.952067
 19240.000000 38.242403 39.350612
 19280.000000 37.281814 37.035206
 19320.000000 38.558672 39.882637
 19360.000000 38.367111 39.709797
 19400.000000 37.904750 39.027429
 19440.000000 36.245704 33.830589
 19480.000000 36.472571 34.847486
 19520.000000 36.306479 34.334534
 19560.000000 35.845615 32.773675
 19600.000000 36.745782 36.109024
 19640.000000 38.497174 40.020845
 19680.000000 37.647971 38.772760
 19720.000000 37.986458 39.495733
 19760.000000 38.325357 40.034073
 19800.000000 39.392112 40.712005
 19840.000000 39.048197 40.685733
 19880.000000 38.625073 40.481419
 19920.000000 40.799585 41.618428
 19960.000000 40.704316 41.497026
 20000.000000 35.418788 31.646165
 20040.000000 38.314603 40.287552
 20080.000000 37.663417 39.221814
 20120.000000 36.546926 36.094352
 20160.000000 40.005447 41.010292
 20200.000000 37.687603 39.368317
 20240.000000 40.439709 41.260788
 20280.000000 37.712554 39.460755
 20320.000000 38.813177 41.124894
 20360.000000 35.822307 33.353609
 20400.000000 37.190725 38.158356
 20440.000000 38.550001 40.989864
 20480.000000 38.867114 41.341932
 20520.000000 37.406761 38.874155
 20560.000000 38.571273 41.166556
 20600.000000 39.236020 41.555578
 20640.000000 38.368016 41.039274
 20680.000000 37.832664 40.208710
 20720.000000 36.418750 36.105303
 20760.000000 37.081039 38.343195
 20800.000000 36.154026 35.169674
 20840.000000 39.081263 41.671377
 20880.000000 37.485635 39.687917
 20920.000000 35.565897 32.778303
 20960.000000 38.153477 41.113352
 21000.000000 39.945262 41.482649
 21040.000000 39.516169 41.829334
 21080.000000 39.378878 41.948613
 21120.000000 39.289768 42.044988
 21160.000000 38.679051 41.926673
 21200.000000 40.298538 41.559272
 21240.000000 38.739683 42.019172
 21280.000000 40.215607 41.719222
 21320.000000 40.374819 41.767368
 21360.000000 39.954824 42.066418
 21400.000000 38.499513 41.868118
 21440.000000 41.115138 42.447717
 21480.000000 39.566224 42.491553
 21520.000000 39.197259 42.490778
 21560.000000 39.752286 42.537517
 21600.000000 39.262431 42.597088
 21640.000000 39.720907 42.668182
 21680.000000 39.670892 42.739683
 21720.000000 40.638672 42.300656
 21760.000000 41.114027 42.637871
 21800.000000 39.785798 42.868208
 21840.000000 40.802980 42.492757
 21880.000000 39.181548 42.846707
 21920.000000 41.659092 43.389815
 21960.000000 39.637415 43.074521
 22000.000000 39.613558 43.114246
 22040.000000 38.890413 42.701319
 22080.000000 39.555357 43.217789
 22120.000000 40.236795 42.892638
 22160.000000 39.185199 43.132076
 22200.000000 38.301193 41.970406
 22240.000000 39.393921 43.350499
 22280.000000 38.179337 41.848521
 22320.000000 37.437100 40.052141
 22360.000000 38.256658 42.094510
 22400.000000 40.169906 43.087300
 22440.000000 38.451334 42.504528
 22480.000000 38.104278 41.883951
 22520.000000 38.504037 42.694054
 22560.000000 37.292548 39.765948
 22600.000000 40.051753 43.322423
 22640.000000 39.416524 43.699571
 22680.000000 38.090393 42.020948
 22720.000000 39.765693 43.717560
 22760.000000 37.700360 41.158700
 22800.000000 37.724470 41.293357
 22840.000000 37.949990 41.906965
 22880.000000 38.640927 43.232994
 22920.000000 40.516897 43.033200
 22960.000000 39.462217 43.911018
 23000.000000 36.069149 35.354121
 23040.000000 38.269215 42.784417
 23080.000000 38.026876 42.381763
 23120.000000 37.409694 40.787242
 23160.000000 38.083961 42.592932
 23200.000000 38.924428 43.824788
 23240.000000 39.809877 43.930375
 23280.000000 41.239834 43.236189
 23320.000000 39.498013 44.125756
 23360.000000 41.353889 43.402016
 23400.000000 40.489662 43.444197
 23440.000000 39.240190 44.102516
 23480.000000 40.977661 43.369418
 23520.000000 39.876626 44.136191
 23560.000000 41.251383 43.531083
 23600.000000 40.490942 43.766346
 23640.000000 41.189100 43.605851
 23680.000000 41.857426 43.752477
 23720.000000 41.466360 43.790972
 23760.000000 40.835341 43.794912
 23800.000000 41.439461 43.879218
 23840.000000 40.371448 44.152531
 23880.000000 38.851474 43.865616
 23920.000000 39.905092 44.467773
 23960.000000 39.291783 44.301120
 24000.000000 40.826947 44.150382
 24040.000000 39.675776 44.597198
 24080.000000 40.560250 44.397646
 24120.000000 38.751052 43.847875
 24160.000000 36.748588 38.485659
 24200.000000 40.618930 44.411966
 24240.000000 40.322814 44.625991
 24280.000000 40.051538 44.789510
 24320.000000 40.439269 44.656412
 24360.000000 39.280022 44.618978
 24400.000000 38.051516 42.747832
 24440.000000 38.129391 42.976302
 24480.000000 35.985782 35.173652
 24520.000000 37.363766 40.962383
 24560.000000 38.574928 43.908004
 24600.000000 38.008869 42.847677
 24640.000000 39.684964 45.059809
 24680.000000 39.828909 45.114480
 24720.000000 38.023364 42.945234
 24760.000000 35.961648 35.255384
 24800.000000 35.259660 32.181641
 24840.000000 34.603166 30.113295
 24880.000000 36.011019 35.723483
 24920.000000 37.901102 42.715562
 24960.000000 38.811969 44.432502
 25000.000000 37.994551 43.022804
 25040.000000 38.650012 44.285358
 25080.000000 39.151093 44.925876
 25120.000000 39.426439 45.169723
 25160.000000 41.412273 44.217843
 25200.000000 38.953962 44.786284
 25240.000000 40.653371 44.821899
 25280.000000 39.760075 45.419996
 25320.000000 38.094802 43.370174
 25360.000000 37.973527 43.117202
 25400.000000 36.216378 36.870669
 25440.000000 36.754787 39.252636
 25480.000000 34.974854 31.637661
 25520.000000 37.146389 40.780221
 25560.000000 37.680163 42.557536
 25600.000000 37.244048 41.206111
 25640.000000 35.921219 35.725113
 25680.000000 40.282665 45.300105
 25720.000000 38.999278 45.155511
 25760.000000 38.160039 43.862499
 25800.000000 37.418262 41.963772
 25840.000000 35.608096 34.374343
 25880.000000 35.933496 36.018915
 25920.000000 35.748947 35.185746
 25960.000000 36.310028 38.033177
 26000.000000 34.683925 30.905168
 26040.000000 35.248890 33.299655
 26080.000000 35.645419 35.167062
 26120.000000 34.273546 30.055803
 26160.000000 34.245299 30.150890
 26200.000000 34.625135 31.588675
 26240.000000 34.593337 31.612071
 26280.000000 32.356757 24.135074
 26320.000000 34.487849 31.575000
 26360.000000 32.945839 26.595543
 26400.000000 33.850267 30.010982
 26440.000000 35.084795 33.797232
 26480.000000 33.615249 29.289971
 26520.000000 34.576014 32.538035
 26560.000000 36.154237 37.772666
 26600.000000 34.296388 31.930036
 26640.000000 34.343616 32.195909
 26680.000000 36.187268 37.976899
 26720.000000 35.317649 35.277538
 26760.000000 33.984399 31.223516
 26800.000000 35.562650 36.192802
 26840.000000 36.743531 40.176578
 26880.000000 37.135625 41.365424
 26920.000000 37.740400 43.084502
 26960.000000 37.079740 41.252700
 27000.000000 37.575832 42.723647
 27040.000000 36.783800 40.562225
 27080.000000 36.286947 39.068467
 27120.000000 33.499215 29.477794
 27160.000000 37.542456 42.774731
 27200.000000 36.681938 40.492932
 27240.000000 36.703601 40.631060
 27280.000000 36.623497 40.471349
 27320.000000 33.784045 30.750035
 27360.000000 32.727300 26.566265
 27400.000000 35.782029 37.837316
 27440.000000 36.312586 39.663724
 27480.000000 32.176687 24.268478
 27520.000000 31.871063 22.608479
 27560.000000 36.833181 41.130926
 27600.000000 34.845454 35.347027
 27640.000000 36.777346 41.049711
 27680.000000 32.519125 26.061048
 27720.000000 35.682818 38.024604
 27760.000000 34.503856 34.383577
 27800.000000 36.818560 41.282542
 27840.000000 36.436503 40.442961
 27880.000000 37.321418 42.599858
 27920.000000 37.983650 43.945702
 27960.000000 34.600357 34.802965
 28000.000000 35.681678 38.414408
 28040.000000 37.417473 42.997325
 28080.000000 36.352431 40.635334
 28120.000000 34.447445 34.291285
 28160.000000 36.911748 42.068843
 28200.000000 35.986973 39.678158
 28240.000000 37.892723 43.992739
 28280.000000 35.615850 38.487662
 28320.000000 35.697915 38.842728
 28360.000000 36.060914 40.124967
 28400.000000 36.075381 40.241716
 28440.000000 36.708700 42.029955
 28480.000000 36.885858 42.414695
 28520.000000 37.431127 43.464370
 28560.000000 35.739926 39.306790
 28600.000000 34.463303 34.583000
 28640.000000 33.003748 28.247584
