#! FIELDS time cmap metad.bias
 0.000000 42.703936 0.000000
 40.000000 39.590971 1.482964
 80.000000 41.751624 4.990681
 120.000000 43.317558 3.739636
 160.000000 41.330045 6.911959
 200.000000 43.918721 3.458022
 240.000000 44.320368 3.704352
 280.000000 42.224016 10.766553
 320.000000 41.186840 8.860998
 360.000000 43.695935 11.136250
 400.000000 40.015606 3.883743
 440.000000 42.439685 14.132399
 480.000000 38.829058 1.423181
 520.000000 41.904599 14.112563
 560.000000 41.347027 13.893229
 600.000000 42.852505 15.297285
 640.000000 39.841213 8.212774
 680.000000 40.541580 13.881020
 720.000000 42.204384 17.291761
 760.000000 41.897876 18.060512
 800.000000 41.833055 18.533635
 840.000000 39.825598 11.284397
 880.000000 42.746566 18.063070
 920.000000 43.625645 15.009362
 960.000000 44.004885 14.149201
 1000.000000 40.468155 15.734106
 1040.000000 42.793441 19.999686
 1080.000000 42.037397 20.407858
 1120.000000 41.728769 19.986881
 1160.000000 42.382972 21.188401
 1200.000000 42.809932 21.448595
 1240.000000 42.832422 21.841232
 1280.000000 42.539950 22.488077
 1320.000000 42.572939 22.886100
 1360.000000 40.441422 16.207808
 1400.000000 37.991012 1.401439
 1440.000000 38.827573 7.932452
 1480.000000 39.838742 14.035909
 1520.000000 42.507137 23.490932
 1560.000000 40.486165 18.011335
 1600.000000 41.035617 20.451389
 1640.000000 41.727105 22.936726
 1680.000000 40.638250 20.045953
 1720.000000 40.697266 20.745824
 1760.000000 44.912012 10.447893
 1800.000000 43.634407 20.856814
 1840.000000 41.891065 24.360023
 1880.000000 45.261211 7.674758
 1920.000000 44.287238 18.762566
 1960.000000 41.730704 24.200881
 2000.000000 42.194442 25.207645
 2040.000000 43.456995 23.561951
 2080.000000 44.189092 20.195379
 2120.000000 42.097724 25.961755
 2160.000000 39.915149 17.740989
 2200.000000 40.244870 19.886016
 2240.000000 42.256806 26.597584
 2280.000000 39.120389 14.006348
 2320.000000 38.841811 13.213149
 2360.000000 39.922670 20.021105
 2400.000000 40.704251 23.861327
 2440.000000 40.180273 21.808735
 2480.000000 39.684498 19.806829
 2520.000000 39.672949 20.035235
 2560.000000 40.034779 22.086826
 2600.000000 40.325355 23.517592
 2640.000000 39.396071 19.900848
 2680.000000 41.475974 26.952785
 2720.000000 39.263300 19.823495
 2760.000000 39.991334 23.531849
 2800.000000 40.126697 24.370166
 2840.000000 42.165407 27.439764
 2880.000000 41.827050 27.897310
 2920.000000 39.053984 19.606111
 2960.000000 37.907536 12.101943
 3000.000000 37.636055 11.122628
 3040.000000 37.963791 14.314071
 3080.000000 38.547082 17.682821
 3120.000000 36.863433 10.088642
 3160.000000 37.799927 15.588575
 3200.000000 37.172873 12.711980
 3240.000000 36.602229 10.729251
 3280.000000 33.759501 0.205636
 3320.000000 35.695681 8.878377
 3360.000000 37.261038 15.510003
 3400.000000 38.892499 21.593628
 3440.000000 40.326942 26.392805
 3480.000000 40.828744 27.736609
 3520.000000 40.784587 27.916495
 3560.000000 37.326808 16.221086
 3600.000000 38.797186 22.368596
 3640.000000 38.997015 23.151948
 3680.000000 38.419087 21.285517
 3720.000000 40.927276 28.633186
 3760.000000 40.124793 27.411580
 3800.000000 37.843512 19.388902
 3840.000000 38.756070 23.444688
 3880.000000 40.345453 28.535977
 3920.000000 43.863764 22.283075
 3960.000000 41.257118 29.476076
 4000.000000 43.250280 26.066739
