#! FIELDS time cmap sigma_cmap height logweight
#! SET action OPES_METAD_kernels
#! SET biasfactor                       5
#! SET epsilon                  0.0001
#! SET kernel_cutoff       1.001134200702886
#! SET compression_threshold                       1
                     22      42.05055987955748     0.6619340148619589  0.0005959794188318027     -7.368272297580946
                     24      41.66938218208433     0.5613061247836955     0.7525112299137932    -0.3922066747838854
                     26       41.7498070574497     0.5042972425053673      1.214365842638412   -0.02074588803637642
                     28      42.33113715232552      0.490604227910446  0.0008041085401213528     -7.368272297580946
                     30      41.42183732474984     0.4507780465823822      1.665185997000638     0.1827781598282212
                     32      42.01100500432656     0.4327013914705549     0.8597657016541702    -0.5191812532368798
                     34      40.15840138534028     0.4249328454234566  0.0009283797516035825     -7.368272297580946
                     36      39.89150880601307     0.4161582529926646   0.002436936388581505     -6.424081752715361
                     38      40.66186351706411     0.4080692219461181  0.0009667454154004349     -7.368272297580946
                     40      41.01541110822945     0.3991730799653849   0.001943602480579961     -6.691950721403556
                     42      40.19079629117587     0.3965891480578212    0.00926853659936794     -5.136362672195242
                     44      38.63231800532265     0.3911974630964892   0.001008439692731669     -7.368272297580946
                     46      39.79089266459749     0.3917787479921673    0.01670464796426822     -4.559504764469152
                     48      40.05087615002634     0.3876147161799825    0.08119707667125495     -2.988997936769969
                     50      41.27288242891106     0.3710831817595867      2.359244803870674     0.3366340670796857
                     52      40.80188468038074     0.3658366723278971    0.01024951449721017     -5.116471706771943
                     54      41.29625018409333     0.3585206504984267      4.148530134573191     0.8666065984927325
                     56      40.74218347521023     0.3544949187653858    0.02367112431451705     -4.310939094141083
                     58      40.80240767470389     0.3530752713479617    0.05551807355762648     -3.462499143530821
                     60      40.05178421640889      0.348780938189249     0.1344920083799351     -2.589940207558724
                     62      40.34693077553737     0.3466573781712595    0.08955243052853207     -3.002727849350005
                     64      40.91914015147058     0.3422349404277461     0.1024350821666368     -2.881162313696822
                     66      40.14406852754018     0.3351359113546515     0.3321080373365379     -1.725892543710162
                     68      40.97710958637943      0.328153960139698     0.5244800155989506     -1.289998814218654
                     70      41.40120973244789     0.3216931987189318      5.318540004950085      1.006663373404605
                     72      40.70941708744795     0.3168424443398715     0.2479277768635222     -2.074346917701932
                     74      40.41345021877128     0.3136634808164435     0.1871614086063171     -2.365596942192523
                     76       40.5723388900155     0.3114869156200759     0.1393769870185309     -2.667349296777157
                     78      40.28726678584584     0.3076492501045826     0.4978001865543014     -1.406729928061256
                     80      42.93905816783365     0.3081667330317815   0.001280148073094402     -7.368272297580946
                     82      42.76634596044499     0.3094115368364978   0.003193921929489327     -6.449967196596067
                     84      41.91635626531301     0.3104781386250194    0.00127061780011149     -7.368272297580946
                     86      42.01594530746433     0.3093255087544948   0.004279996781364944     -6.157542622041119
                     88      42.22505745908143     0.3104427354454508   0.006636630083649501     -5.715285253847372
                     90      41.96729852794583     0.3108667174342513    0.01931922975058476     -4.645423809417077
                     92      41.38573635154509     0.3095222721318668      7.483474179587126      1.309593448399752
                     94      42.46672382600112     0.3081398270431516   0.001280259852379248     -7.368272297580946
                     96      42.52621613532806     0.3084951248970559   0.005321358904461411     -5.942454283917142
                     98      42.85984604509407     0.3134497554506563     0.0105165052542618     -5.245303998953303
                    100      42.86856599200394     0.3146537901273997    0.02525123599261733     -4.365540968279668
                    102      42.89985795315543     0.3156059811769061    0.04919411386975259     -3.695620508336184
                    104       42.0122041617364     0.3162220120849596    0.03838621052729261     -3.941746197401367
                    106      42.28075182278747     0.3134774479703953     0.0268039154943205     -4.309613629874109
                    108      42.85675974762123     0.3104559225728946    0.09464666774939197     -3.057696422423693
                    110      42.32446854137888     0.3081619850457752    0.05233749674162173     -3.657550389155729
                    112      41.87069778919776     0.3068235966171048    0.03780915136095722      -3.98706487703401
                    114      40.56927765531776     0.3043547248590992     0.3401778226478425     -1.798226660517822
                    116      42.16733762356222     0.3049356276798874     0.1574256394212787     -2.566835114777573
                    118      42.45003856225151     0.3025232524817796    0.04693510229685684     -3.784965040885681
                    120      42.51122860571504      0.300819346045251    0.02958105526127318     -4.252244991653304
                    122      41.74998419458937     0.2933952664973264       2.60254363465858     0.1998762706519646
                    124       41.7883791564455     0.2863543071248295      2.612859976786056      0.179541528694115
                    126      42.45390268850856     0.2843210979913095     0.1440370607583132     -2.725714169386222
                    128      43.49079938761577     0.2850976604043559   0.001383733030018246     -7.368272297580946
                    130      41.95503367855375     0.2834243072579122     0.1172361465643181     -2.934753687344906
                    132      41.34141830442397      0.281079467582557      8.485815290547162      1.338899662848014
                    134      40.57532277298922     0.2802495959097263     0.5219815541063829     -1.452576158084073
                    136      42.32545510923792     0.2784972429414374     0.3572960863451105     -1.837916057238635
                    138      42.19181512725461     0.2757838229842976     0.5409655891644095     -1.432916048838035
                    140      41.08079837115887     0.2746486275496428      1.205412092929549    -0.6358196924582583
                    142      41.89534840521909     0.2740780552256821    0.00143936751578886     -7.368272297580946
                    144      41.84828969889365     0.2726443897124777   0.003969886455512742     -6.358983190500902
                    146      41.32939244562774     0.2701438994094656      10.21584900835508      1.484761367045435
                    148      42.10580503805246     0.2680498398559373     0.6219431671528937     -1.321867378180365
                    150      42.80610922698462     0.2664786449819568     0.1309674008567562     -2.885646475633522
                    152      42.55148106930187     0.2654724474102965    0.02813625738609803     -4.427318926318326
                    154      42.05969149559274      0.263678274583679     0.7797399999286697      -1.11219879464938
                    156      42.37179444914241     0.2616709035469719     0.6511295517585054     -1.300092780910824
                    158      41.39902961547281     0.2595232517803644      11.35628307040853      1.550483716616945
                    160      40.19392189421421     0.2604933395361177     0.5489464002306502     -1.475310930468381
                    162      40.91730284666091     0.2617606588938693     0.5323245566265289      -1.50120508568921
                    164      41.18258380345416     0.2570460378609284      6.789569309485102      1.026508964478454
                    166      41.76108700366789     0.2564253129102912   0.006278813193254046     -5.961870603312931
                    168      42.26629989784879     0.2541832189815222      1.089973270666052    -0.8139252342879726
                    170      41.96956197613051     0.2528046948213695     0.5146636647078145     -1.569758185975161
                    172      41.76237110724122     0.2515289721337237   0.001568404013803624     -7.368272297580946
                    174      43.10750072191782     0.2512024469542745    0.02121156171281947     -4.765083456000462
                    176      41.63643372204629     0.2472906610423075      6.100150525557141     0.8807441078731175
                    178      42.58453211944624     0.2470266935608167    0.06483484899633467     -3.664549374602708
                    180       41.7263067751777     0.2446979032463452      2.238315306287624    -0.1323858602228602
                    182       42.5077493667921     0.2437890693282088    0.03907086705210168     -4.184208545889657
                    184      41.32092607218203     0.2410088693276041      10.26237837011668      1.375184608376097
                    186       40.5334749994329     0.2402796847292464     0.4108408114584983     -1.845879611140606
                    188      40.86543657334622     0.2401585163360167     0.6433662425850587     -1.397875692189352
                    190      41.76969947348022     0.2400970060889936   0.001643081918881605     -7.368272297580946
                    192      41.97868327983134     0.2385204598210687     0.7253632756679852     -1.284761337130202
                    194      40.10557145542469     0.2376503862107488     0.5251968509583651     -1.611315253737383
                    196      41.04518217492487     0.2386402403369159     0.2778631460999452      -2.24380316885879
                    198      39.02776966887182     0.2412504886220666   0.001635225908704536     -7.368272297580946
                    200      40.46029518668388     0.2445799212720463     0.3421290331031852     -2.011158940887596
                    202      39.72383194540427     0.2445654980287859   0.001613060929125819     -7.368272297580946
                    204      40.85237374646321      0.243056704084125       1.14771947233226    -0.8070620772430871
                    206      40.89616524865616     0.2422335692103882      1.330660741706994    -0.6625557095984584
                    208      40.63120228922546     0.2412356384058375      1.140464543529645     -0.820923867207823
                    210      42.90337261913343     0.2406097432091069     0.1848066674833481      -2.64340249224179
                    212      41.29585310917267     0.2393316863270142      12.76411275804064      1.586354191700809
                    214      41.97352091413022     0.2378035876594468     0.9689425036729062    -0.9982386830247424
                    216      39.84688831270417     0.2379864012851098   0.002850119656772645     -6.826314515627206
                    218      40.12191926310963     0.2373946152873833     0.7456171616060976     -1.261952948264604
                    220      41.40851165615188     0.2364074434578841      14.49579526545677      1.701281647967453
                    222      41.78136506726128     0.2363547009941465   0.003188250803744988     -6.721082952409335
                    224      40.85777217060468      0.234656986038259      1.602937924458445    -0.5081707872244374
                    226      41.01711180570395     0.2333432965899118     0.9453637909368866      -1.04180846593723
                    228      41.64952442662727     0.2305876044657948      5.850753746402099     0.7690676020138464
                    230      40.76903796764192     0.2289700221881082      1.858944597587463    -0.3845337559195562
                    232      41.42453049189949     0.2272539986415492      13.80833148984267      1.613206720365684
                    234      42.11031339737545     0.2260591777552582      1.323342432287427    -0.7371762541964902
                    236      41.10020457339441     0.2255371383615961     0.7177342265054971       -1.3513048472062
                    238      40.67231762119717     0.2245294678637504      1.556740989524781    -0.5815322641680292
                    240      41.34979773211511     0.2224684058966121      13.66741218574101       1.58166567281985
                    242      41.08689063475057     0.2216034645724605   0.001780202535386976     -7.368272297580946
                    244      41.74904114739478     0.2216488336388112   0.001779838147604647     -7.368272297580946
                    246       40.9744592326301     0.2204905465586555      1.547756660922531    -0.6054723612158617
                    248      42.40093548091558     0.2197278200483887     0.3055604995861588     -2.231351635970021
                    250      42.58241644661407     0.2195448274866899    0.09984195928269808     -3.350744062670235
                    252      42.32171975155624     0.2192937130326746      1.028538380614761     -1.019583016294455
                    254       41.7769888787963     0.2186213314679098   0.003131607841406421     -6.817001315253321
                    256      40.51726490210631     0.2181084364989878   0.001808728978185413     -7.368272297580946
                    258      42.25779501046548     0.2174439955079184      1.704810226998721    -0.5227386232762712
                    260      40.55528981197169     0.2173696660240408     0.5339193551745302     -1.684044786913799
                    262      39.79451552483642       0.21696296010767   0.004957030985755844     -6.365355410289522
                    264      40.45517923000389     0.2174611204839783     0.2854974618680866     -2.309635811358818
                    266      41.69022443465796      0.216195073853396      2.322072657329645    -0.2194924560239565
                    268      40.18776499756699     0.2153468676754322     0.7564237507162093     -1.345037226350231
                    270      41.19505626556244     0.2130665406812196       7.91917700979623     0.9927580525520331
                    272      39.85264452627133     0.2132047512210274    0.00688642002333945     -6.054084691354945
                    274      41.64380425889847     0.2116168626816833      5.517110524295901     0.6244979061576422
                    276       41.8342887473036     0.2111124180378284   0.001868668139700543     -7.368272297580946
                    278      40.98825334055257     0.2100295654139041      1.498349761988352    -0.6865210971503193
                    280      42.14699222762327     0.2090771684643622      1.902897400054513    -0.4520526665209273
                    282      42.56353878582989     0.2089577943298335     0.1161640374754488     -3.248753429520706
                    284      40.29515416505708     0.2086966049647553      0.859357727192817     -1.248822200641547
                    286      41.17359866496422     0.2068096236431973      7.465161372354927     0.9039119760371517
                    288      41.08692076155203     0.2059738226473068     0.5595963309295794     -1.690924256078103
                    290      41.16343035492161     0.2043014870221236      7.580488219935224     0.9070406375015695
                    292      41.66206667782814     0.2035465025682782      3.606507876347052     0.1605007000582055
                    294      40.56796687850348     0.2030030872951948      0.459648130056975      -1.90220657905103
                    296      41.93404416872965     0.2025742598356431     0.5473211543944062     -1.729746744193994
                    298      42.57760768381127     0.2021378238960762     0.1487690243872468     -3.034544335894311
                    300      41.71922864062944     0.2019768803490358   0.001953189141255669     -7.368272297580946
                    302      41.97942450900215     0.2014926563575773      1.232179796513706    -0.9235960204193163
                    304      41.78483726421454     0.2013256252664836   0.003092670014921106     -6.911930604702889
                    306      41.46116571346655     0.2014584174103303      15.81760086402394      1.628572544177601
                    308      42.35279341752529     0.2008046117045278      1.008524085420208     -1.127313434701893
                    310      41.69897191806938     0.2002637990728751   0.004606236385533325     -6.518842414337999
                    312      42.09468088545851      0.199569445371403      2.153433078089571    -0.3749081274525587
                    314      41.50327671336768     0.1982670526648788       14.8329266585978      1.548330607175481
                    316       42.8302503589274     0.1978576473807989     0.2115848657621322     -2.703715034375556
                    318      41.69588877019341     0.1972496041928232     0.7826816123523838     -1.398693087395385
                    320      41.63713001414239      0.195722702855098      6.540811846157585     0.7166264199355855
                    322      41.52334398765093      0.194734531460605      13.83743824932746      1.460881339929472
                    324       41.2771927223159     0.1933600527824726      12.67248616099164      1.365853459225383
                    326      41.74277127043743     0.1930083915083565   0.002043947656365769     -7.368272297580946
                    328      41.55561986101375     0.1915736356887812      13.64477625438967      1.430495262220916
                    330      41.04561546347288     0.1912941865520624     0.9254656341183023     -1.261779542533478
                    332      40.48684311763554     0.1910700487866752     0.1828308148069027     -2.884687704087823
                    334      40.85806082912465     0.1905253459038834      2.236116546780174    -0.3836078375539832
                    336      41.63744911172621     0.1893138048635021      8.089000616743908      0.895777422229065
                    338      41.55899867184761     0.1879610519050973      13.32613028874988      1.387827812317382
                    340      41.50124750251264     0.1868545939470588      16.13380110288406      1.573113511068918
                    342      41.30251797176162     0.1855663148449712      13.60334702205491      1.395594428155783
                    344      42.40023724767429     0.1852815564189812     0.3415185653468021      -2.29061039207697
                    346      41.08005616716523     0.1849819356739681     0.5624240834553021     -1.793374690911161
                    348      40.64485039748804     0.1848508595005214       1.07083448402716     -1.150146178237162
                    350      41.73546014416966     0.1844846719620096   0.002138383884617093     -7.368272297580946
                    352       41.7431948002183     0.1844287922854961   0.003106924537606776     -6.994992246877722
                    354      42.15574162304189      0.183777727615657      2.001974717954302    -0.5302726717419981
                    356      40.86129485351341     0.1834635446827591      2.339043277700858    -0.3763757781975635
                    358      42.16816661440083     0.1831105185228625      2.156563906782745    -0.4595276813935985
                    360      41.94397881113807     0.1827786211627707     0.7805828773810859     -1.477572409019837
                    362       41.0601286915254     0.1828064982567684     0.8927502684551485     -1.343153934421305
                    364      41.13378682677483     0.1828968301715743   0.002156948532745785     -7.368272297580946
                    366      41.43547670604546     0.1822212402796916      20.43772014325254      1.784470025434906
                    368      40.87893785886371     0.1818261618499607      2.656828092835118    -0.2579497085417613
                    370      40.42935099397291     0.1816218733018475     0.4461937187353001     -2.043208917170258
                    372      41.76718472569246     0.1816481944127011   0.004428843090033399     -6.655678813288043
                    374      41.66199196648328     0.1808553081325474      6.455751569918329     0.6245350092635735
                    376      41.30331365491308     0.1798906435292825      14.95824598587167      1.459478099597352
                    378      42.63259110028189     0.1800446833485253     0.1795789840755711      -2.96206883367992
                    380      41.78251269569453     0.1800668337178435   0.002190847927612222     -7.368272297580946
                    382      39.95240919885572     0.1797784430090865   0.006165991151967406     -6.335114913375645
                    384      40.08962416915984     0.1805438746598252     0.5465106694192482     -1.846361376688817
                    386      40.19357825933226      0.180858999516532     0.8375944696962877     -1.417637251979988
                    388      41.69359985168258     0.1804259877007974      1.682626429082366    -0.7224571729148037
                    390      41.00656752685501      0.179825670771379      1.679621593313249    -0.7275773376087845
                    392      41.92550294506475      0.179692653106352     0.5855369343561356     -1.782111856919227
                    394      40.98661863591743     0.1791151327378078       2.05505030128118    -0.5298046255715518
                    396      41.77763927286095      0.178782058774535   0.002206591937616858     -7.368272297580946
                    398      40.59497704452001     0.1784839220063055   0.002210277794481092     -7.368272297580946
                    400      40.91495886133496     0.1780311826472374      3.183230007186374   -0.09827862427537605
                    402      41.43537031173156     0.1777773419959251      22.27866083320526       1.84602743718045
                    404      41.12819141244061     0.1775822945979545   0.003204599853422506     -7.001867663579205
                    406      41.10701067444032     0.1775008667394482     0.5666845484311563     -1.827110739564489
                    408      42.01281277395517     0.1771585122794365      1.719529514298916     -0.719038152839809
                    410      41.65490236921105     0.1762371482024062      6.887301702034883     0.6633761546463003
                    412      40.98792889766391     0.1757004997733884      2.372571037460443    -0.4053787167180069
                    414      42.45733332876937     0.1755880814650034    0.01535448622648361     -5.446340529104552
                    416      40.98684572115552     0.1749992439968158      2.568409687121905    -0.3300651869754644
                    418      41.86365870319624     0.1747291397749055   0.002257774804996149     -7.368272297580946
                    420       41.0707383909057     0.1742088224419497      1.700860293405066     -0.746744862842498
                    422      40.51705096449848     0.1741138884361842   0.002975569262637731     -7.095744042617121
                    424      41.39437869732243     0.1734578763352676      20.71868211675192      1.748836843722458
                    426      41.85492719955546     0.1731725635895514   0.003174555946016974     -7.036432690655271
                    428      42.17044299073499     0.1726965077766398      2.324758510462879    -0.4429818186610026
                    430      41.57784544938058     0.1718311627942329      15.05169289404015      1.419869103120225
                    432      41.56359219824196     0.1711292521674859      16.70908828448795      1.520238162200968
                    434      42.42574022293886     0.1709319648998315   0.002307930232438468     -7.368272297580946
                    436      41.06584335414798     0.1706127298124755      1.988980438077186    -0.6111153345226871
                    438      41.84246586019054     0.1704607017202592    0.00442068035653204     -6.721090635666386
                    440      41.29011110142557     0.1697535746829927      15.69211844273677      1.449372651562437
                    442      41.82261629604115     0.1695554187451009   0.005810490671005696     -6.453044180670694
                    444      41.79509019359787     0.1694621479373606   0.007359400473286856     -6.217280970573381
                    446      41.17350356870577     0.1692760585699201   0.002330507059387154     -7.368272297580946
                    448      42.00851774266525     0.1688022958943396      1.996942982527211    -0.6177880636568635
                    450      40.07046422092922     0.1686296944707365      0.610126348290604      -1.80451781052773
                    452      41.57426113535598     0.1684463821466985      18.27365667945863      1.593944239873188
                    454      40.94447105796696     0.1680530343929327      3.757157558729539   0.009808564129084842
                    456      41.68609420600062     0.1675721515070683      3.656489218294527   -0.02021627859194269
                    458      41.53613198647417     0.1671412834408726      20.81002035812532      1.716140332613563
                    460      40.60271534395257     0.1669048379072728   0.004042514327461443     -6.831598354659778
                    462      41.21354892656721     0.1663696502929487      4.824023466023942     0.2496866960731376
                    464      40.44621570143732     0.1662865253156803     0.2736470279695631     -2.620337615056948
                    466      41.70165129491174     0.1661239423348388      0.356039604399843     -2.358112905131462
                    468      41.94254289725909     0.1659292269647189     0.9814481132318338     -1.345298527027453
                    470       41.9042509244123     0.1656957097316201     0.5471738457874491      -1.93096942740079
                    472      40.89404972753818     0.1652265659002365      3.235545496948396    -0.1566185535513572
                    474      39.92000162770707     0.1659198466531098   0.007799428911431558     -6.180333693649589
                    476      40.50959354632977     0.1662346156247211   0.002373146218673395     -7.368272297580946
                    478      39.43316501355804     0.1663244744039883   0.002371864098149661     -7.368272297580946
                    480      39.83111637279873     0.1672465564033307    0.01095667181822985     -5.832471349976774
                    482      39.79672655329556     0.1674776294662974    0.01274799480589402     -5.679665252409535
                    484      41.81506137777438     0.1674483440013389   0.002355944765146663     -7.368272297580946
                    486        40.239281908694     0.1678641267708154     0.9542202382466222     -1.361839642983222
                    488      41.07452722032761     0.1674692435459698      2.133695180304936       -0.5594787325923
                    490      40.60492637926464     0.1671976085164643   0.002943764541699407     -7.147023412397549
                    492      39.40829716830852     0.1671836662810686   0.003268861943889571     -7.042354127327046
                    494      40.47904602848617     0.1670468271012148      0.125697445907373     -3.393737057090381
                    496      41.75285850051196     0.1670323137609202   0.003080990450723364     -7.102450618965669
                    498      40.51451277948477     0.1668420413848349   0.002364506249192238     -7.368272297580946
                    500      41.69071544114468     0.1667381898281996      3.121597093154997    -0.1833641331061293
                    502      41.63212060104664     0.1665737813883615      11.94897388156161       1.15795000030897
                    504      40.61377751613038     0.1666518464971795   0.002871891013446766     -7.175011441155311
                    506      41.56737369481022     0.1659851713375987      19.14244426810918      1.625672788195683
                    508      42.43390628375901     0.1662366988172268   0.003173769464693359     -7.077556372175078
                    510      41.66328410984161     0.1658415563658376      8.831047926859842     0.8511727889562608
                    512      41.72280088233767      0.166018182407918   0.002376240022391772     -7.368272297580946
                    514      41.77115489906382     0.1659250274922027   0.003169601588919949     -7.080747085456109
                    516      41.77986189851212     0.1659981375838347    0.00427701632484626     -6.780656813392069
                    518      41.93289259665367     0.1660164988981704      1.185391358531077     -1.155973594660996
                    520      42.11817038641212     0.1656616811174564      2.724247237794483    -0.3259939593991853
                    522      41.92532784279894      0.165496599091681      1.211737655831636      -1.13712769551457
                    524      41.97218418560004     0.1651639990375296      2.063901966950898    -0.6065964857628792
                    526      41.65605806879329     0.1645170407045325      11.02517423613804      1.065061631230302
                    528      42.43752267719686     0.1644505757692055   0.004174415923313675      -6.81430450472201
                    530      42.10712201215157     0.1643067152896291      2.884818051209164    -0.2769370223290782
                    532      41.74503888980968     0.1641439101733476   0.002403373046650426     -7.368272297580946
                    534      42.33741605181338     0.1639035663881772    0.05751275623024944     -4.194604012708657
                    536      42.29027544938355     0.1635791483611951      1.276742033144849     -1.096525241840755
                    538      41.77079314528621       0.16340575668265   0.003200474836304252     -7.086353430876593
                    540      42.40417693437004     0.1632012067864062   0.002417255713058195     -7.368272297580946
                    542       42.0988176267274     0.1628477901737806      3.351691989161496    -0.1358524978088542
                    544      41.07860303539681     0.1625372786359766      2.129717984895405    -0.5912367975097542
                    546      41.27143934146397     0.1619133789768978      11.85840488056028      1.121964633886102
                    548      42.21620679738004     0.1615009548474287      2.748322879791641    -0.3426318307020073
                    550      41.90378628513723     0.1613280579722086     0.7872292318951577     -1.593929630384183
                    552       41.8915237633885     0.1610397791927361     0.5091176927080431     -2.031558405025428
                    554      42.31069418906304     0.1608668226198425     0.9279010420641247     -1.432387103068552
                    556      43.16667147695367     0.1606821836674082   0.002455151159129101     -7.368272297580946
                    558      41.81593508930349     0.1605636881138725   0.002456963053829778     -7.368272297580946
                    560       40.6955241450245     0.1603267933788869     0.7509915253140332     -1.647280470406203
                    562      41.91212700803206     0.1600696854031252      1.073066377590974     -1.292004171849312
                    564      41.94049882593977     0.1597092778757541      1.726490186224809    -0.8186880466425497
                    566      42.04265255250926     0.1593906877643534      3.271420441186553     -0.181551129083653
                    568      41.92070507098519     0.1591501090261135      1.555258466742306      -0.92664416230463
                    570      42.47668429729456     0.1589576105306444    0.04458420732157092     -4.479871761810312
                    572      41.66451791680336     0.1583751387740727      8.662017219021704     0.7857803960908685
                    574      43.13870756850577     0.1583237669364616   0.003206545737778619     -7.116052670660983
                    576      42.04013954263438      0.158042857892801      3.515601870284491    -0.1180567610235701
                    578      42.45344973350758        0.1578130578117    0.02530155984576133     -5.053611826513044
                    580      41.88051701604289     0.1575720631282687     0.6817283137589079     -1.761374919592575
                    582      41.87015603272279     0.1573168002996208     0.4203721779654829     -2.246486962984046
                    584      42.12075516198068     0.1568955644936057      3.868230796397889   -0.02975611579883018
                    586      40.65338301458451      0.156699908644995   0.002517544859430474     -7.368272297580946
                    588      41.76128765843475     0.1569047889084483   0.002514257545782218     -7.368272297580946
                    590       41.1072954834416     0.1567147449450099       1.58370454153579    -0.9239397586877348
                    592      41.37110807181458     0.1565219357525762      22.86729641194079      1.744770200818242
                    594      41.78293211876525     0.1563938366467192   0.003366935644074296     -7.079508582468223
                    596      41.31690651243626     0.1560132353287395      18.28533562711119      1.517906502800758
                    598      41.68854653270051     0.1556865840357866      4.488726622076119     0.1112802186258315
                    600      41.98868043798627     0.1553900927423396      3.405131391155832    -0.1669115402559662
                    602      40.87926779660424     0.1550043668685906       3.67450509867443   -0.09326200302119532
                    604      40.52292557031583     0.1551516404801931   0.002747404474172505     -7.290829425672093
                    606      42.36164995202459     0.1551392773029198    0.00254287022822819     -7.368272297580946
                    608      41.18844232179338     0.1551105789534805   0.002543340706637083     -7.368272297580946
                    610      43.01379491521766     0.1549830675126885   0.003001908940154944     -7.203324759650613
                    612      41.56001398236278     0.1547381281988206      23.45344332369554      1.758617764106563
                    614      41.99454227471619     0.1543640131427802      4.087169389764235     0.0090324351799283
                    616       40.6444677333865     0.1543428404105396   0.004074196888674717     -6.902039019251693
                    618      40.85323240744656     0.1539714848285067      4.057413313267412 -0.0008206720299423266
                    620       41.2877072469193     0.1533859382482211      15.32991230292021       1.32462944030059
                    622      41.08450290951512     0.1530736557480937      2.056729073002645    -0.6860976415622215
                    624      40.21136228611732     0.1530422260798299     0.8916148850918225     -1.522140861494217
                    626      41.84075940176632     0.1531443059646432   0.002575995542227415     -7.368272297580946
                    628       41.4341055994897     0.1529826400669457      28.27926805262817      1.934319660419294
                    630      41.40462140530491     0.1527970598170194      27.49820654292773      1.905097670978753
                    632      40.50198946347211     0.1530217889407518   0.004047544289507776     -6.917198356864811
                    634       40.8528089610996     0.1526993006623308      4.062158515390952  -0.007948630685824914
                    636      41.26331170740516     0.1521123531342483      12.02758901460485      1.073688759184035
                    638      40.76986078550798     0.1518158709820542      2.808606518232144    -0.3827768786769501
                    640       42.2900996969627     0.1516809373517242     0.5218008339974192     -2.066823839145168
                    642      42.13584930388637     0.1513847811010458      4.186042697764361    0.01344688946987082
                    644      41.62898159258991      0.151069008887265      13.06471959856248      1.149518432167692
                    646      39.62186247075897     0.1513876066219979   0.002605887352902428     -7.368272297580946
                    648      40.77586778950737      0.151624237023538      3.100581352713718    -0.2851387871608221
                    650      41.32637001544401     0.1517062207986736      21.12827085052072      1.634424137716346
                    652      40.27889214284583     0.1515063161941563     0.8966539242011708      -1.52659174041083
                    654      40.98318351908179     0.1514024295491569      4.132066324436857  0.0005852411777419273
                    656      39.73610854832398     0.1515689422151499    0.01119888003014247     -5.909034666882655
                    658      39.41354647866348     0.1516714847112639   0.004242424491212932     -6.879037211549324
                    660      40.54049525229999     0.1516146288598079   0.006064433922603122     -6.522105860513476
                    662      40.10215706432196     0.1515971602647763     0.7061645276381434     -1.764814034846788
                    664      39.58841527818527      0.151735922817157   0.003336536863089132       -7.1188139666927
                    666      39.69260794307813     0.1516014371488454    0.01079915460203852     -5.945166221926194
                    668      40.96217022756046     0.1512873953034471      4.331767296793062    0.04702316899657316
                    670      41.58084241736437      0.150807424115257      19.35505516910802      1.540823570842927
                    672      40.58181285819413     0.1507564364911297    0.00730044031482557     -6.342288833851345
                    674      40.53902923884265     0.1505940176573504   0.008647035621237422     -6.174084877793786
                    676      40.43602477230491     0.1504151799755976     0.2978999479360272      -2.63573200637983
                    678      40.74389305070872     0.1501671965061888      2.039337736608977    -0.7137593165088483
                    680      40.56578536883162     0.1500578297638689   0.002628980107890513     -7.368272297580946
                    682      40.52773530354912     0.1499237857859932   0.003299126248644507     -7.142104297952341
                    684      41.76153682440396     0.1499138447649508   0.003120571689376237     -7.197812048779939
                    686      41.31827626414622     0.1494994097388589      19.09894926999868      1.518792016626959
                    688      40.85839272124328      0.149225637895416      4.538796718409943    0.07998769623554475
                    690      41.24253551489334     0.1491596255509502      7.954521233883625     0.6406237711413322
                    692      40.61708513694675     0.1490112846618411   0.003782292742707762     -7.011536617930442
                    694       41.4894942016497     0.1488700146661037      26.82257588332521      1.854183707563749
                    696      40.31273505552332      0.148658426681559     0.8522192040701424      -1.59639401702289
                    698      40.09964301742651      0.148571569061863       0.67669968177748      -1.82759466677048
                    700      41.03047737135232     0.1483239216241815       3.27656081069007    -0.2519408687236264
                    702      41.33502160506011     0.1479015939944848      21.56367417658053      1.629423545590481
                    704      41.25032681329058     0.1475530435203765      9.705458142927913     0.8287424011650972
                    706        40.405726357483     0.1474911556182311      0.504422174301125     -2.128707251505267
                    708      41.32875987692613     0.1470752721154517      21.60452520394037      1.625713554402462
                    710      41.81123381358716     0.1470232767591399   0.004062963252019101      -6.95338553647574
                    712      40.40052494742963      0.146944712614602     0.5753207115462574     -2.000904972551033
                    714      41.00069806196132     0.1466161916191506      3.966659410875781   -0.07239123624120047
                    716      40.24033671206884     0.1464977742188864      1.073646779179265     -1.380062455614878
                    718      39.85434869336432     0.1468946983276382    0.01650969918352698     -5.552224998754326
                    720      40.26825723973028     0.1468430403345158      1.119763929484111     -1.335651600116155
                    722      40.97621571049278     0.1467920053314257      4.511016882734901    0.05740550663351907
                    724       40.8692651437518      0.146528125889824      4.873297073562668     0.1328543713483971
                    726      41.15624662011912     0.1464182269664856   0.002694330191368395     -7.368272297580946
                    728      40.72735113974969     0.1463984716440157      1.519191777312546     -1.033623119585879
                    730       41.0905953615598     0.1464444126422118      1.796172848051741    -0.8658296230820588
                    732      41.15798112458575     0.1464133786411524   0.002694419411284252     -7.368272297580946
                    734      40.69722986580001     0.1465697529947466   0.003458054818799391     -7.117681343757621
                    736      40.49389507709382       0.14643012400805     0.0042700284273992     -6.907720198308779
                    738      41.80625458812739     0.1463491225893556   0.005145197903951219     -6.721830176767351
                    740      41.92693282255136     0.1461559417648975      2.168328677644513    -0.6795029273105022
                    742      41.30975698194386     0.1458679304587579      20.71757813548057      1.575550402172753
                    744       41.1643391152584     0.1457222473658966   0.003412572184202654     -7.136720320757298
                    746      40.71412974838208      0.145541779186972     0.9174956033160349     -1.543778052976732
                    748      40.30070746615324     0.1454781685694641      1.105493826827033      -1.35781558105605
                    750      41.24844184022275     0.1452491888649806      10.61374947292774     0.9024673425238087
                    752       41.2287101350791     0.1450531710406236      6.813728809096372     0.4579061419480726
                    754      40.95260148722954      0.144904756469675      4.810317395138592     0.1087059936631666
                    756      40.45122739312092     0.1447993043279862     0.2581776129958507     -2.816892582333033
                    758      41.21817289039857     0.1444786897491157      5.036244566284997     0.1516589500358686
                    760      41.90702674676607     0.1445277536019419      1.516791113898526     -1.048065199850347
                    762      42.35840643413588     0.1449394292603474   0.002721820083711061     -7.368272297580946
                    764      41.77305220771643     0.1450596765316947   0.002719563829967843     -7.368272297580946
                    766       41.4172981994763     0.1449794207482021       28.1456376154433      1.875850430336047
                    768      40.76128848481884     0.1448431475444646      2.683004478824343    -0.4755450928380318
                    770      41.96032860006097     0.1446158538142733      2.907235945322769    -0.3968500238159551
                    772      40.98381709101447     0.1444530626967891      4.784558899001213     0.1002147162380374
                    774      41.16226924039861     0.1443415928284929   0.002733093363817712     -7.368272297580946
                    776      40.81185359265982     0.1442449962432738      4.586285709860901    0.05644995018450785
                    778      41.06631798340108     0.1440954266876141      2.784388267603263    -0.4436297873447176
                    780       40.6759368705652     0.1440749622397898   0.002738151330040618     -7.368272297580946
                    782      41.36093765962023     0.1437845711025824      27.17112897434818      1.832337370746102
                    784      41.41518028692397     0.1436246026422598      30.05853610220947       1.93221590401758
                    786      40.54767246725017     0.1434918924882068    0.00286282532867352     -7.327801478816104
                    788      41.61460495584386     0.1431390118426449      11.58750293859838     0.9756097038882556
                    790      41.02213968756129     0.1429004139114903      4.359896343783817  -0.003537485298418463
                    792      42.64402492279388     0.1427849577108172     0.1548487108046748     -3.342100741304516
                    794      40.58300299696167      0.142699538259779   0.004012898946550302     -6.995633830258543
                    796      40.86804513637906     0.1424121409073261      5.809713050982899     0.2801226858946528
                    798      41.37564486836515     0.1421621936381277        28.624011032645      1.873080777237714
                    800      40.67675266112663     0.1421599209985122    0.00426225796033203     -6.939137342819003
                    802      41.73025757873676     0.1420380849734733   0.003341621910419721     -7.183337511716724
                    804      40.39414047464324     0.1421176265081365     0.7343046673913153     -1.790309937362148
                    806      42.81368299258159     0.1420827090423974     0.1484417246285305     -3.389287227877688
                    808      42.25668747413171     0.1421320449788474      1.263275873673582      -1.24766898291205
                    810      41.73789979293776     0.1420105380396135   0.004041056356180496     -6.993481629949471
                    812      41.61425363610616     0.1416988334536176      10.92128672222088     0.9062839597767709
                    814      41.36106469300324     0.1414496260813614      26.14007123386596      1.777279338099977
                    816      41.11334978097857      0.141396950307889     0.5310032253791432     -2.119549747663472
                    818      40.57417633882573     0.1413533756120717   0.005193660913355892     -6.747187236543151
                    820      39.99740276986809     0.1413608677627484   0.002790723173435352     -7.368272297580946
                    822      41.13410098881767     0.1413259502630547   0.002791412679328445     -7.368272297580946
                    824      41.08657053188725     0.1413549822012495      2.170801170425751    -0.7117631162975947
                    826      40.34854726225261     0.1412274255467439       1.01562476335605     -1.472258257809663
                    828      41.27744113810597     0.1409565161168046      17.14001059971665      1.351733228610495
                    830      42.29263422477723     0.1409838578570501   0.002798185944680507     -7.368272297580946
                    832      43.30108307509447     0.1410468405739186   0.002964387803503874     -7.310126453812883
                    834      40.63280870231473      0.141097175689381   0.006791296200925037     -6.480798364289789
                    836      41.45659133170255     0.1412010151393487      32.21702157036768      1.984545698024794
                    838      40.50596414082668     0.1412110963134767   0.005076473110950195     -6.771016369703821
                    840      41.78161467020212     0.1411342641280236    0.00485791569775325     -6.815567886138497
                    842      41.73559959528499      0.141134424357905   0.005931607563293777      -6.61588096178201
                    844      42.02033096362173     0.1409301985613834      3.949567800796014    -0.1162628719131806
                    846      40.65214488175077     0.1408473466544112   0.008145554852116176     -6.300740010849286
                    848      41.26901094349923     0.1405056860498807      16.65543614132665      1.319850866715619
                    850      40.04577151775411     0.1405416864467031     0.0965953367793277     -3.829854416438001
                    852      40.97060683012345     0.1404028711962627      5.583246465081241     0.2261526030291176
                    854      40.10343994010712     0.1404252772803661     0.6286691219286039     -1.957608435419689
                    856      40.51130924083705     0.1403217692338058   0.006830383772363682     -6.480570030108505
                    858      41.47216112371859     0.1401342007829606      29.94306794990509      1.903764634709055
                    860      42.06525830013407     0.1399640590542489      4.029042751860789    -0.1032192636604993
                    862      41.05602336798754     0.1397822302066285      3.432519185190639    -0.2647535884963704
                    864      40.79381060870057     0.1395946580887848      3.784937019169528    -0.1683615785362335
                    866      41.04341480481915     0.1393860876524209      4.008634198475706    -0.1124354733273551
                    868      41.75925045582569     0.1393061379981849   0.006784360378899893     -6.494595066497085
                    870      40.48428848043025      0.139260876198504   0.006618093856692216     -6.519732655696853
                    872      41.93518261071546     0.1391697538879145      2.468609414722905    -0.5987843083450741
                    874      40.73552901762474     0.1391757335933626      1.224350539794414     -1.299985812579101
                    876      40.80925964415582     0.1392345867499394      4.525086067830609   0.007663033096134851
                    878      40.71746467796191     0.1391137073210535     0.2907795243654514      -2.73803205965745
                    880      40.43903567619645     0.1390867286438131      0.426830446294274     -2.354404489713111
                    882      40.40768331152897      0.139038713081642     0.7099434702808628     -1.845951275165316
                    884      39.68539750522663     0.1392012267960086    0.01223702352604877     -5.905502395853579
                    886      40.74568363563237     0.1392372121840647      2.048053556329066    -0.7850648509888749
                    888      40.10985349150808     0.1396389937949314     0.6323383362029177     -1.957403958942006
                    890      41.22456775815195     0.1396810157040082      5.699544045324317     0.2416137938486591
                    892      41.98437038625036       0.13952478457329      3.327201601579008    -0.2977599059799725
                    894       41.7987833492783     0.1396897587478003   0.006986238354706659     -6.462522809043897
                    896      40.72338442461611     0.1395460150495839     0.8738908488337149     -1.634539143645081
                    898      40.59128905961665     0.1394460774861187   0.002829043717789072     -7.368272297580946
                    900      40.41462930352567     0.1393259205730809     0.6846706656555357     -1.880135145042175
                    902      39.05285888189272     0.1393925362885199   0.003167612885370868     -7.255616802025322
                    904      40.49074372275309     0.1396162235743817   0.003074291417502314     -7.283917188776353
                    906      39.58224912889401     0.1397561713329098   0.002822766577818632     -7.368272297580946
                    908      40.72261491719892     0.1398145822086997      1.006839088443267     -1.491000809491337
                    910      40.72667216398169     0.1396984930267062      1.362603428254511     -1.189250115144307
                    912      40.71645329920061     0.1396102599817558     0.7947611630447219     -1.728992699566626
                    914      40.36461609178642     0.1394793137328116      1.116521719074212      -1.38999920291697
                    916      40.02318218224943     0.1394503357801063   0.002828957329328357     -7.368272297580946
                    918       40.0776992125006     0.1394072728320591     0.4014203473296014     -2.413480233095251
                    920      41.16734804777037     0.1393893365812713   0.002830195330274914     -7.368272297580946
                    922        41.780152721134     0.1393054116096761   0.009647231062381207     -6.142549362175567
                    924      41.74872513668476     0.1393431223782497    0.01130507803936228     -5.983697621958564
                    926      40.75009199761219     0.1392731763403972      3.000499756768935    -0.4029175872012388
                    928      41.29673410608135     0.1389298505176467      22.83922611512477      1.624314885085712
                    930      41.04041782418751     0.1387620950037729      4.427213435918564    -0.0176024645297825
                    932      40.67515342678614      0.138813377538658   0.003018697807326463     -7.307933056279712
                    934      41.20948210713151     0.1386011437889838      2.958630368826216    -0.4218069622740406
                    936      40.15447066934174      0.138467863030425      1.082339378848688     -1.428370696568168
                    938      40.49805278046386     0.1383913835749966   0.004078826866937347      -7.00999383014383
                    940      40.97494770665506     0.1381231328183908      6.518858817526383     0.3647111372980312
                    942      40.47352940238529     0.1380293068953783     0.1064289462952201     -3.750945405468238
                    944      40.12829007217193     0.1381151001404708      0.952055555468025     -1.559178242255523
                    946      41.06930870715884     0.1379571870815652      3.203257608167141    -0.3470220564297432
                    948      41.75363995935261     0.1379184571788456    0.01259680071675921     -5.885783537587775
                    950      38.80078721228656     0.1379944011325266   0.003031349192635229     -7.309668117097911
                    952      40.66052384681454     0.1381235315839805   0.002856132079439141     -7.368272297580946
                    954      40.02026516336915     0.1382960288253393   0.002852569613409971     -7.368272297580946
                    956      40.70377210466118     0.1381922944624054   0.003470337375932545     -7.172991059357787
                    958      41.63231528998831     0.1380038801654614      5.618232682304056     0.2151651975534405
                    960      40.84574360305432     0.1377348154220239      6.919765915498209     0.4215784014449028
                    962      41.22380575499201     0.1374803660255906      7.314034310032199     0.4751423756354426
                    964      40.46000888626803     0.1373834415881798     0.2504103380199615     -2.900012243977193
                    966      40.47336069315678      0.137424009254038     0.0720666064052789     -4.145227143730119
                    968      41.16721372221986     0.1373700019384341   0.002871799111273486     -7.368272297580946
                    970      41.92200742469365     0.1372914361972941      2.551996309112779    -0.5791518923463662
                    972      41.67501658227954     0.1375131932882617   0.002868808730631864     -7.368272297580946
                    974      42.16343674625091     0.1375975436118892      3.854080586751741    -0.1646681961034001
                    976      42.13375011804031      0.137511760526312      4.598876057597382     0.0113876334265572
                    978      41.29856660813261     0.1372938294646132      24.82948712757262      1.696021564267749
                    980      41.68960307140543     0.1372163155590918   0.003547871435500079      -7.15798257412551
                    982      41.92228558786686     0.1372148511308675      2.692101994476467    -0.5262634965729875
                    984      42.17176530035199     0.1371483556793436       3.94469158167368    -0.1446997496690238
                    986      41.97396043359831     0.1369647156153045      4.323360768252448   -0.05437735163583632
                    988      40.63783239224835     0.1370680649453261   0.004143897181699515     -7.003774708286877
                    990      42.33753113549965     0.1370463526312045    0.00345964376197303     -7.184404194661134
                    992      42.04227775784854     0.1368508866139502      5.566359087788646      0.197499340272926
                    994      41.90776946623952     0.1368165004948345      2.439365262500949     -0.627755266747332
                    996      42.39753747024781      0.136881916605299   0.003788910001480498     -7.094692017694288
                    998      42.73984770192151     0.1368720157109784     0.1905964351077127     -3.176684443614246
                   1000      41.29782850935695     0.1366465011957981      25.03220163032414      1.699426619695964
                   1002      41.15703940580738     0.1365805420420278   0.003552063489547387     -7.161445836957817
                   1004      42.34740375648596     0.1365774489620189    0.00510811086070031     -6.798167541775582
                   1006      40.78044786956347     0.1363946504991831      4.691351467138841    0.02313947622065281
                   1008      40.71357875784869     0.1363944334904132     0.4847791191553172     -2.246644731273205
                   1010       40.9657987690584     0.1362817130280629      7.341424338077092     0.4701232884807713
                   1012      39.67114658711026     0.1363647161781505    0.01371551947787286     -5.812027995245709
                   1014      42.01264572045229     0.1361642889767717      5.222776542936083     0.1287575796666252
                   1016      40.78208551424077     0.1360434938989663       4.76908869974993    0.03699613160838934
                   1018      41.99646659056358       0.13591671700035      5.136426192579129     0.1102661180681938
                   1020      41.52786359728496     0.1357198759501057      26.06508728029692      1.733056043221453
                   1022      41.67983137846523     0.1357466757626314   0.004242300661713356     -6.989992826883136
                   1024      41.14489099207475      0.135672734193626    0.00422288374593525     -6.995125162093598
                   1026      40.96760094604898     0.1354485512403239      7.480318086319995     0.4827334391067225
                   1028      41.19766346005193     0.1353810825718193   0.004825948540087849     -6.863788088761079
                   1030      40.97803215592715     0.1351938113336895      7.435961225686575     0.4749034943846439
                   1032      41.49957692462304     0.1350585783679691      29.97704437845162      1.868006750075424
                   1034      41.38634406435235     0.1349547615782508      33.50792622959231      1.978587888114532
                   1036      42.25198578731849     0.1349032924100205      0.337613070685686     -2.619430380765108
                   1038      41.42011813193088     0.1348517739905526      34.66710787487098      2.011833792880626
                   1040      41.17272140070227     0.1348158199765524    0.00582723470658606     -6.679436911475634
                   1042      41.62372504262951     0.1346734233468298      5.554350377852411     0.1793004845158186
                   1044       42.1467211234456     0.1345532768321676      4.212309728762719   -0.09816239215894899
                   1046      42.04200227424631     0.1344497516519204      5.338103713745594     0.1379272662342562
                   1048      42.30586393990342     0.1343791794913567    0.03887733288982892     -4.784812148124133
                   1050      42.62312930374257     0.1343644307015937     0.1500641171557296     -3.434270637424618
                   1052      43.11288710147935     0.1344043111907254   0.004506351168301857     -6.939548751091461
                   1054      42.59199321192056      0.134385999697606     0.1426165919375657     -3.485012920483944
                   1056      42.63401445240916     0.1344174110280229     0.1783874270331565     -3.260981321011581
                   1058      41.51599604502684     0.1341682173723317      26.98835328930591      1.756366030006671
                   1060      42.74916147258158     0.1341951147548675     0.1952392510062222      -3.17236847254688
                   1062      42.55704655378595     0.1340889164802358     0.1350943262158485       -3.5414126455604
                   1064      41.06381533699057      0.133966363291163      3.365036412302689    -0.3271062173030052
                   1066      41.41118013302928     0.1338473085842498      33.12528750104867      1.958862876150733
                   1068      41.77144642178986     0.1337624612702858   0.002949250826697122     -7.368272297580946
                   1070      40.78809149130212     0.1336617262763835      4.787421172221769    0.02317031701019252
                   1072      43.19994930756457     0.1336166702343042   0.004748343355944276     -6.893118207875577
                   1074      42.37239917573569        0.1336577260194      0.019391269475881     -5.485783841914218
                   1076      42.88139128982552     0.1335563432482015    0.09079264988890969     -3.942787258863143
                   1078      40.89086243642389     0.1333701148012845      8.143436578245113     0.5522066069279419
                   1080      40.47005874619463     0.1334281397466307     0.1310062973052859     -3.577080581497315
                   1082      40.44022917982731      0.133637441804912      0.503605755532479     -2.228964822688059
                   1084      42.51450426200678     0.1336969243638312    0.09040406486442781     -3.946024316905727
                   1086      40.60281176020683      0.133837877968259   0.002947588944708102     -7.368272297580946
                   1088      41.17427864058046      0.133861400872446   0.006905791296016394     -6.516723707781112
                   1090      41.64583708723534     0.1338610373349779   0.003006183266755251     -7.348415544938995
                   1092      41.47130155581603     0.1337328622348153      34.93275348497423      2.011135379652754
                   1094       41.3327225136315     0.1335386256612176      29.91059847379566      1.854469898925177
                   1096      41.52762141118449     0.1333207229621164      28.22525853304046      1.794841196436414
                   1098      40.52273469964746     0.1332631916566413    0.00330269958297803     -7.258822781499924
                   1100      40.42246308199618      0.133212408999047     0.7276988984350808     -1.864056752430403
                   1102      42.08765451053267     0.1330686276170316      5.627280416093313     0.1803575160438366
                   1104      42.35749712618202     0.1329984915194131    0.03094639143631742      -5.02329484324312
                   1106      42.35787466452398     0.1330980786419584    0.03582939167783196     -4.876034185430163
                   1108      41.12376854998415     0.1331700888423713   0.007218158988244699     -6.477661921179542
                   1110      42.40774159096821     0.1331160832002809     0.0137831959376977     -5.831217310367776
                   1112      42.80080072507351     0.1330512920098027     0.1980507966836618     -3.166630773656279
                   1114      41.83186843404521     0.1330052731043347   0.003261292911481569     -7.273376538235499
                   1116      41.52109185384488     0.1328517382877565       29.6468048066222      1.840454363199536
                   1118      41.25830141505707      0.132592036050038      14.12635873356336      1.097185732468098
                   1120      42.17047674749985     0.1325715764407758      3.796693615433031    -0.2168804635615599
                   1122      41.48012018254747     0.1323821099092377      33.33713608954994      1.954230736882937
                   1124      42.58487743668999     0.1324245718523928     0.1793567581852712     -3.270498929333548
                   1126      43.00071588467694     0.1324975182825486   0.003833465262246843     -7.115555950785463
                   1128      42.08977923713383     0.1323390341168146      5.477453879269714     0.1478736930203601
                   1130      42.04607924960246     0.1321774937455921      5.681982724923597     0.1833121625954042
                   1132      41.64617117478004     0.1321198419621361   0.003754378808344371     -7.139256783090889
                   1134      41.48771483517561     0.1319815257768155      32.76944585396426      1.934024759501915
                   1136      42.13083164898981     0.1318189533782754      5.083248590610955    0.06924620990214891
                   1138       40.6084495196028     0.1318364059724935   0.003917564988898865     -7.098856938683933
                   1140      41.34028904066912      0.131658700629856      29.56124232314876      1.828543345765985
                   1142      40.00350001910974     0.1317892771363122   0.003479817240694625     -7.217704991400325
                   1144      42.02779871124818     0.1317182169089901      5.649972608417981     0.1741818680571462
                   1146      41.56164739307446     0.1315865490998561      21.08343917200399       1.49001891266453
                   1148      40.31487960164441     0.1315358429380992      1.299399293890241     -1.296952289057478
                   1150      42.54155890503444     0.1315364631595766     0.1341336240575495     -3.567768431332682
                   1152      41.20027684477678     0.1315829357024318   0.002998101899585004     -7.368272297580946
                   1154      41.09327224637101     0.1315233121092922      1.343859634453501     -1.263403837158629
                   1156      40.63649686636691      0.131456607337323    0.00434115380555457     -6.999072046910588
                   1158      41.09163024647508     0.1314059650393847      1.492477534411035     -1.159404734549848
                   1160      41.91786307551934     0.1313010568933748      2.480650276344627    -0.6521201847176904
                   1162      40.52701247932269     0.1312998856241717   0.004689204301836355     -6.923142208627645
                   1164      41.51503182722261     0.1311407504535626      29.78043064826367        1.8319889160389
                   1166      41.92155541912775     0.1310037525980101      2.746417336080458    -0.5526105054470917
                   1168      41.61257296603182     0.1308163821401337      8.855080755237402     0.6166523183682452
                   1170      41.47289126740391       0.13063683816642      33.07233413928911      1.932984602543313
                   1172      42.67787873997582     0.1306871093536217     0.2344509930707084     -3.015836459147281
                   1174      42.12124610182232     0.1305896887204055      5.080046142097124    0.05924685576989801
                   1176      41.74494647031413     0.1305395939661806   0.003022064321608329     -7.368272297580946
                   1178      42.36709592361506     0.1305162249852296    0.03526210348861451     -4.911582648314872
                   1180      42.41732564696485     0.1304697308498328    0.01424539478366842     -5.818314094685488
                   1182      41.42417496284385      0.130439492619376      36.42823529624198      2.028119880591241
                   1184      41.08435834700143     0.1303407626434592      2.019476614589197    -0.8651431012342228
                   1186      40.40646815712102     0.1303215168032629     0.8267303929649348     -1.758405789363223
                   1188       42.1310351880724     0.1303461614084486      5.201013034044289    0.08091336299707866
                   1190      40.09510670470265     0.1302852859436754     0.4520188360367158     -2.362438623528332
                   1192       41.3606568097185     0.1301117010309222      30.55654881461103       1.84983859722441
                   1194      40.91424056140792     0.1299968115867998       7.05382961108508     0.3829468510277192
                   1196      40.93835372805732     0.1299098522350793      7.098453415889812     0.3885839476791856
                   1198       40.8365471722657     0.1299523625462413       6.07520064396099     0.2332492083827066
                   1200      40.45775795680049     0.1299548109319006     0.3565804566446533      -2.60214234740169
                   1202      39.71145558184514     0.1300120880542509    0.01481525188510584     -5.782604414361924
                   1204      41.69565798423955     0.1300257004280418   0.003386336477440763     -7.258408250013345
                   1206      40.56626743139151     0.1299587642593644   0.003035570949990822     -7.368272297580946
                   1208      40.55537886774013     0.1299356763840557   0.003489952871467803     -7.228961265237338
                   1210      40.90294102724098     0.1298655474358963      7.429383134775076     0.4338087469976212
                   1212      39.77096371956641     0.1299152352345076    0.01881107583036737     -5.544560991036609
                   1214      39.97671108159756     0.1300518150946349   0.003033399027882593     -7.368272297580946
                   1216      40.76619571570021     0.1300513414702281      3.326454526328414    -0.3682974126013126
                   1218      41.54906133677839     0.1298142458086672      24.13035573283367      1.611441422657448
                   1220      41.82654704219969     0.1297994749629809   0.003333571548851588     -7.275854002720066
                   1222      41.09060965540685     0.1297433935707383      1.233534038126637     -1.362691893953229
                   1224      40.47368521700516     0.1296935870539633     0.2187295282629295     -3.092878447022604
                   1226      41.27908399315332     0.1294570843229186      15.75395696752637      1.182307251318487
                   1228      40.97036692095813      0.129274315776666      6.928068182743771     0.3593838888678932
                   1230      40.25765154969132     0.1291907658675601      1.309032443776037     -1.307555360495535
                   1232      40.31361502129477     0.1291738529244583      1.313589727934303     -1.304210915433052
                   1234      41.76244197050728     0.1291448825157956   0.004445959922629507      -6.99295833278106
                   1236      42.03137153861954      0.129032425001952      5.509149425435997     0.1283402219221293
                   1238      41.45270021163073     0.1289006846466192      34.30153862137694       1.95609868286014
                   1240      41.67513913087893     0.1288298495630446   0.004234241281496806     -7.044192332610643
                   1242      41.47875534397367     0.1287380510024728      32.88363996559761      1.912621246641302
                   1244      41.75094420371652     0.1287006839570497   0.005532142600601182     -6.777824408626241
                   1246      42.49007178778477     0.1286861679097777     0.0503745097820732     -4.569027106216541
                   1248      42.87671361720089     0.1289961905013159    0.06815264459990832     -4.264356192548192
                   1250       42.4130522185811      0.129137860478967    0.01791127433278097     -5.599578143266409
                   1252      42.85289616788875     0.1291073184054519     0.1130977707315194     -3.756992371982292
                   1254      41.34047784945337     0.1289126879720739      27.78327862012895      1.745435939564941
                   1256       41.9447619456686     0.1287887466073413      3.390078709071032    -0.3591071715282987
                   1258      42.23824161511666     0.1287907454400236     0.5903023054164457     -2.107065281786776
                   1260      41.35243060722073     0.1285730151413196      29.76029732537431      1.811538405409529
                   1262      42.28773937298228     0.1287725661796544    0.08759283191637109     -4.015142065800955
                   1264      41.30988558144048     0.1285852879640551      22.85217803686272      1.547505085974702
                   1266      42.80728793436023     0.1285381076034678     0.1766379158891529     -3.315561646459829
                   1268       42.3409011723721     0.1286120862250476    0.06934359909292506     -4.250014394052528
                   1270       42.2467759574258      0.128593766190786    0.09559722728513738     -3.929086875879357
                   1272      43.04316311464231     0.1285813820530152   0.005365474122363544     -6.809342255794941
                   1274      40.70240823902281     0.1285565561550052   0.003068680908088194     -7.368272297580946
                   1276      40.93867291784775     0.1284111066097227      7.677402104460536     0.4553843604181314
                   1278      42.08040181788587     0.1283516481179025      5.842656480384127     0.1818255687790498
                   1280      41.84325084498285     0.1282993917770411   0.004433133101433585     -7.002415917011682
                   1282       41.7542068154129     0.1282727703085307   0.006892497500928571      -6.56129651254635
                   1284      41.26257924163004     0.1280952044677662      12.61744673441883     0.9497205405543635
                   1286      41.43683483101381     0.1279906958658125      37.03607146055531      2.025716165343953
                   1288      40.97933236462971     0.1279018081335384      6.931854424192538     0.3492564671979819
                   1290      40.39374592301187     0.1278656823755381     0.9558150961767876     -1.632344191618434
                   1292      41.77084915890141     0.1279030478231457   0.007610348678658791     -6.465107501096925
                   1294      41.57525805481168      0.127742086469556      17.15654332793506      1.254259168265466
                   1296      39.47123304071109     0.1278484167384171   0.004400945995021256      -7.01322419383954
                   1298      40.30145784748733     0.1283204058602277      1.391040123813029     -1.253551684643488
                   1300      41.52237851736263     0.1281577964004992      28.82813382497791       1.77648031882425
                   1302      40.71748848155402     0.1282140234496464   0.003507739349477875     -7.237216332649293
                   1304      40.58975377356165     0.1282507048741331   0.003167483501640644     -7.338964623748031
                   1306      40.11975645221967     0.1282361980106517     0.5981768415376123     -2.098128736163075
                   1308      41.01015528341523     0.1280912057885217      5.910001097017898     0.1912548229828954
                   1310       40.7555061474966     0.1279790233656087      2.140936910162552    -0.8250238372139332
                   1312      40.17756185989743     0.1279680260767799      1.060283091205077     -1.527817373375681
                   1314      40.15333825641227     0.1280731575523243     0.9259449060383184     -1.662472648254737
                   1316      41.14816093783416     0.1282179274054591   0.003076785418897948     -7.368272297580946
                   1318      40.49597509224184     0.1282643116231547   0.003075672761114446     -7.368272297580946
                   1320      40.61435435560053     0.1282174623100912   0.003133471757803174     -7.350019704108361
                   1322      40.45910849832259     0.1281580872760136      0.301851682972219     -2.782688688980435
                   1324      39.97438895755304     0.1280956596387248    0.00351163764218804     -7.237029209317266
                   1326      38.62648179206909     0.1282883448371291   0.003445859535333897      -7.25443522837281
                   1328      39.14174708539134     0.1282956280764431   0.003524034065113667     -7.231945458555598
                   1330       40.7757538625516     0.1282375589800253      3.559626103502751    -0.3145937638743135
                   1332      41.06619205749272     0.1281643341296697      3.032687314856402    -0.4753713195462776
                   1334      40.26156691868274     0.1281050747609357      1.441261788568957     -1.219763953746502
                   1336       40.2481498858715     0.1280194037342186      1.465551310661742     -1.203720412405245
                   1338      40.56194983476117     0.1280509201537169   0.003080798240331749     -7.368272297580946
                   1340      40.51103135946055     0.1281331128416055   0.003432729522163024     -7.259463637043207
                   1342      41.03031681657182     0.1279877485212858      5.198751160139875    0.06221923043530361
                   1344      39.94780159906342     0.1279976917482271   0.004339486090874895     -7.026120869040215
                   1346      40.01788490892092     0.1279960858844759   0.004272872175516879     -7.041603102260457
                   1348       40.1399101828056     0.1283277373526606     0.9224954733229265      -1.66421911988011
                   1350      40.15602629499485     0.1283160049071015      1.115736990561249     -1.474122575009386
                   1352      39.08624844042224     0.1282886053148071   0.004222864154173335     -7.051092966237473
                   1354      39.99379410287999     0.1282659988027088   0.005079946339761039     -6.866482106674746
                   1356      40.75748165551378     0.1281577713000842      2.309657237620807     -0.747772524728445
                   1358      41.73701162863526     0.1281364645482952   0.008234252679168406     -6.384490592979915
                   1360       41.1237554151612     0.1281770219712692   0.003077767320657978     -7.368272297580946
                   1362      39.36227217526799     0.1281663141732866    0.00461118495001432     -6.964075415411779
                   1364      41.19907885861645      0.128185718353964   0.003355438880520209     -7.281826315720436
                   1366      41.13797100080294     0.1281945752482613   0.003985048648147438     -7.109790279621523
                   1368      40.02916450553364     0.1281334359291039   0.005495701000398975     -6.788850689006964
                   1370      40.16545522931874     0.1280947266483037      1.303428409715541     -1.320365676002869
                   1372      40.58664805774998      0.128066002189661   0.003863140422846364     -7.141862821564487
                   1374      41.27163961328137     0.1278672637940877      15.07471068950535      1.125877525814235
                   1376      40.29443727553026     0.1278309552921418      1.741149047235033     -1.032879752910238
                   1378        40.601717761204     0.1278445127701061   0.004354752271768076     -7.023806521852733
                   1380      39.95756243420625     0.1278141562464078   0.006306315285834202     -6.653760166253592
                   1382      41.72522487621959      0.127853370933542   0.009262493896405141     -6.269031629070167
                   1384      40.77825570021437     0.1278368874707728      3.971366983980297     -0.208268250915022
                   1386      41.15478338839328     0.1278148588910347   0.004587318770424917     -6.972010518986634
                   1388      40.03477656097283     0.1277792397822049   0.006709436137936827     -6.592070028352833
                   1390      41.24710659251279     0.1277707409068341      7.515995760050981     0.4291373393103415
                   1392      40.81864223297727     0.1276755379043564      6.039686302346519     0.2097105100419061
                   1394       39.9649312895541     0.1276747665989564   0.007626975274058867     -6.464711542714922
                   1396      40.79454579587474     0.1276093824985072      4.996168412284094    0.01951145042121246
                   1398      40.45362105645991     0.1275695802278251     0.1707439587103029     -3.357061968500921
                   1400      40.72234387904499     0.1275368814157727    0.00309321542994577     -7.368272297580946
                   1402      41.27791428987602     0.1273906415041115      17.39503595460137      1.265309408952159
                   1404      42.01712777825047      0.127369159672152      5.672402743568397       0.14456868186272
                   1406      41.76299869679443     0.1273745730583607    0.01054419236674525     -6.143181666966924
                   1408      40.56577724782031     0.1273662219574128    0.01071825563531975     -6.126874032412478
                   1410      39.65777505908874     0.1273289730410558    0.01355468296440244     -5.892382858374797
                   1412      41.53225859534011      0.127245789715423      26.60921064970461      1.689244239587423
                   1414      41.18823803373499     0.1272089550247394   0.003101189294462098     -7.368272297580946
                   1416      39.92251867846509     0.1271558823928353    0.01001629797734886     -6.196261710180586
                   1418       40.0999334744695     0.1271068697723275     0.5830393728964706      -2.13260608251392
                   1420      40.99501019518303     0.1269425725467592      7.086983340699931     0.3638608192037375
                   1422      40.69631834933988       0.12686343959385   0.003539202465851838     -7.238876389666114
                   1424      39.69902089672303     0.1268995391188285    0.01963465855158764     -5.525196987477466
                   1426      40.00643981717084     0.1270172395364975   0.009753521193935324     -6.223937838905043
                   1428      39.40595893195746      0.127175605072509   0.005669704908581854     -6.765183107905038
                   1430      39.76672545664854     0.1272838903299906    0.02341488747883957     -5.346097042638315
                   1432      37.95763853524796     0.1274676173868253   0.003094896237726387     -7.368272297580946
                   1434      38.72514135118643     0.1277338083409136   0.004190294598173312     -7.063169510985701
                   1436      40.05884331168135     0.1276993685526914   0.008520484650446854     -6.353736987106954
                   1438      39.95465395987968     0.1276473009077762    0.01175537126541679     -6.032307764341264
                   1440      40.52389949743445     0.1276382587681646    0.02077737492194544     -5.462824218317569
                   1442      40.24055712880243     0.1275845514184915      1.877729005391256    -0.9592913854700474
                   1444       41.2901480950953     0.1274527792686637      21.49639099462564      1.477497248191622
                   1446      38.85416609660433      0.127446570804556   0.003642851468995219     -7.205425058605196
                   1448      38.77750402413632     0.1276035628595386   0.005207595359551008     -6.846842529873872
                   1450      39.73014786053299      0.127647755934149    0.02600783325084179      -5.23821669321719
                   1452      39.51757137377885     0.1276006895174442   0.004651308622497624     -6.959834649602723
                   1454      39.05835706866135     0.1275841943235324   0.004856736999076386     -6.916745721084101
                   1456      38.97994147509159     0.1275789050476095   0.004395017130044111       -7.0166825633898
                   1458      39.43293272739325     0.1275784867804076   0.007120449339617689     -6.534186437714379
                   1460      40.47989596334127     0.1275611332291376    0.02642372785986833     -5.223030913387233
                   1462       40.4484979394872     0.1275176980772889     0.2130389055244996     -3.136159060951052
                   1464      41.40663283302047     0.1274862224558357      40.22987215022791      2.104484358117087
                   1466      38.38906416693885     0.1274887219177074   0.003094383907441453     -7.368272297580946
                   1468      39.07555968411544     0.1275957398376535   0.006235297687460629     -6.666795722366431
                   1470      39.32644241785181     0.1275822132299068   0.005361239928500327     -6.817932783721932
                   1472      39.55075085596972     0.1275252227206462   0.003996732280974064     -7.112097760652416
                   1474      40.85323869411611     0.1274022896021726      8.508113170380671     0.5502361641705903
                   1476       40.9257055468721     0.1273304313946534      9.668847227404804     0.6775608712549462
                   1478      41.83606133280961     0.1276533049415222   0.008536111190650234     -6.352265454439467
                   1480      41.59012196748717     0.1277934238468141      14.02154627601976      1.052876500817267
                   1482      42.25731078556061     0.1280931237318703     0.1135208892234566     -3.761144633877961
                   1484      41.83810573762745     0.1281717997665298   0.009771038572055949     -6.213094716210706
                   1486      41.15318341851646     0.1281843755888722   0.003517550993877005     -7.234654359568611
                   1488      41.22251021884406     0.1281334175943872   0.003892664498069052     -7.133723098313314
                   1490      40.72134888615493     0.1281280929735524   0.004084765271975327     -7.085594272857525
                   1492      40.13556549228205     0.1281075517040017       1.16610343440752     -1.431595797913465
                   1494      40.30500354345035     0.1281869713198409      1.905765270637966    -0.9397601931242079
                   1496      41.50051491820226     0.1280974049510556      36.28370090344443      2.006025830756648
                   1498      41.65319601905507     0.1281891687709904   0.005970018077602486     -6.705632019014844
                   1500      40.96643761214318     0.1281072435835058      8.874140412999186     0.5978754799624023
                   1502      39.72756570855933     0.1280370367806541    0.02845405119842648     -5.145278908958025
                   1504      40.83123469460955     0.1279225947180037      7.830085738102995     0.4712650626655475
                   1506      40.64959530712579     0.1278745182583763      0.004220322266279     -7.054928079912231
                   1508      40.96798438325259     0.1277288304998205      9.100917574255899     0.6201509962961446
                   1510      40.75608466956022     0.1276237795316129      2.751959138344686    -0.5767339639692468
                   1512      40.57755423548801     0.1275680469366149    0.01323032205095843     -5.914727784439663
                   1514      40.55510415814577     0.1275579544028548    0.02637117956791181     -5.225046491981196
                   1516      40.54959837939047     0.1276796832528093    0.03200261694754823      -5.03054669646462
                   1518      41.16898972842925      0.127606574038109   0.004527796967077858     -6.986701637712803
                   1520      41.00627345457431     0.1275285494004812      7.251131886235971     0.3913640858612368
                   1522      41.66672977177699     0.1277868016966319   0.008681985436173687     -6.334275525537041
                   1524      40.49783958495845     0.1278652085238648    0.04867405965528187     -4.609766145555807
                   1526      40.11253354439844     0.1278366889725355     0.8356962175864918      -1.76687027557981
                   1528      40.57992839744399     0.1277893787847558    0.02437888001807227     -5.301788413606529
                   1530      41.08761981544866     0.1278684339978176      1.125530399459432     -1.468877482803212
                   1532        39.861774505067     0.1278897891009003    0.01742696942765415     -5.636701184695194
                   1534      41.11809706858946     0.1278676116613669   0.003085214812076008     -7.368272297580946
                   1536      40.48158294560509     0.1278021626758299    0.05537170393083271     -4.481336860394151
                   1538      41.28529400932912     0.1276633658047914      19.51897509629339      1.382650169698646
                   1540      40.67294812796845     0.1276431954122056   0.003090639091323696     -7.368272297580946
                   1542      39.52435956810023     0.1278114528010714   0.006485626753816085     -6.625744415687111
                   1544      41.26499433174465     0.1276295167529735      14.42297313094497       1.07982020888544
                   1546      40.21168604693582     0.1275681705317601      1.932567287074062     -0.930633537367722
                   1548      40.77946428733702     0.1274509860543063      4.720365253060983   -0.03851570114628838
                   1550      41.20983964620146     0.1273957676796933   0.003296847701185076     -7.305623736705932
                   1552      41.51343320854578     0.1272525217208692      33.83510640293727      1.929538637274542
                   1554      40.54178248757906     0.1271819496884867    0.04912235661144618     -4.605956033263212
                   1556      39.27917111962389     0.1271818244576244   0.003101850843583981     -7.368272297580946
                   1558      40.76364414232553     0.1271030684362562       3.67623040692447    -0.2912475484127738
                   1560      41.51381152478332     0.1269907957590613      34.07555422806796       1.93456110243305
                   1562      42.06622858355073     0.1269860514790793      6.171757744108005     0.2259271830329768
                   1564      39.65500261929979     0.1270251956301643    0.02094820614335519     -5.459450553783483
                   1566      38.73373077542805     0.1272026395172701   0.005888791041668612     -6.727056906315665
                   1568      39.64359846451762     0.1273683612179325    0.02088931191562225     -5.459568021664397
                   1570       39.5923360487995     0.1273607347702329   0.008606242926522107     -6.346377675528039
                   1572      39.91760653681875     0.1274169131106083    0.01056046115424994     -6.141307590908828
                   1574      39.50326211809291     0.1273892926927682   0.008445909850025728     -6.364959050865971
                   1576      39.15460198247063     0.1275266447473738   0.005212302122642254     -6.846542082942849
                   1578      39.18444692140334     0.1275301582246733   0.005127322816375809     -6.862952501907301
                   1580      40.91652874308144     0.1273696920008126      10.26402572747305     0.7376052028788914
                   1582      41.11606011934803     0.1274004080584606   0.003873866248261726     -7.144301043435534
                   1584      39.70918319910214     0.1274530424902165    0.03498260331347593     -4.943290136139729
                   1586      39.88993800937115     0.1274084680075159    0.01241753979193976     -5.979380847135269
                   1588      39.30113292535606     0.1273939665577503   0.003607909313137719     -7.215476177738438
                   1590      39.59580987001327     0.1274100813571049    0.01259648087092315     -5.965060677913144
                   1592      40.22484198401783     0.1273193990790659      2.007793506611203     -0.894398505635578
                   1594       40.0260347213701     0.1273802427548087    0.01331948277078911     -5.909484544409681
                   1596      39.75555701538349     0.1273402787589095    0.03905842228038747     -4.833967632336949
                   1598      40.68205407501753     0.1273157653530199    0.00309858758173875     -7.368272297580946
                   1600      40.72237354157305     0.1273639292997116   0.003518405281450351     -7.240832612995172
