#"Progress (%)"	"Step"	"Time (ps)"	"Potential Energy (kJ/mole)"	"Kinetic Energy (kJ/mole)"	"Total Energy (kJ/mole)"	"Temperature (K)"	"Box Volume (nm^3)"	"Density (g/mL)"	"Speed (ns/day)"	"Time Remaining"
1.0%	10000	39.99999999999959	-446606.54031957476	73131.44535205606	-373475.0949675187	301.7286254389285	304.861982427127	0.9529269587981604	0	--
2.0%	20000	80.00000000000584	-446540.14588359045	73223.66287667633	-373316.48300691415	302.109100169205	304.861982427127	0.9529269587981604	165	34:16
3.0%	30000	120.00000000005473	-446177.26020987355	73733.07563767326	-372444.1845722003	304.21085559625436	304.861982427127	0.9529269587981604	165	33:54
4.0%	40000	159.9999999999899	-447342.3359340606	73736.8945775131	-373605.4413565475	304.22661193011277	304.861982427127	0.9529269587981604	165	33:36
5.0%	50000	199.9999999998967	-445705.15901134233	73548.27421561955	-372156.8847957228	303.4483945401793	304.861982427127	0.9529269587981604	161	33:57
6.0%	60000	239.99999999980346	-446857.15096299443	73335.55882437999	-373521.59213861445	302.5707649199873	304.861982427127	0.9529269587981604	158	34:15
7.0%	70000	279.99999999988074	-446598.5125896139	73093.75541164548	-373504.7571779684	301.57312278397325	304.861982427127	0.9529269587981604	156	34:19
8.0%	80000	320.00000000007174	-445636.03142600646	72997.56879942026	-372638.4626265862	301.1762722342182	304.861982427127	0.9529269587981604	154	34:24
9.0%	90000	360.00000000026273	-446735.17414226034	73083.61420829059	-373651.55993396975	301.53128180388813	304.861982427127	0.9529269587981604	153	34:17
10.0%	100000	400.0000000004537	-446409.20594658563	73289.09164531413	-373120.1143012715	302.3790487847452	304.861982427127	0.9529269587981604	152	34:08
11.0%	110000	440.0000000006447	-446925.83814949985	72540.5681281221	-374385.2700213777	299.2907606911104	304.861982427127	0.9529269587981604	151	33:51
12.0%	120000	480.0000000008357	-447954.99463353073	73156.47649083304	-374798.5181426977	301.8318999067034	304.861982427127	0.9529269587981604	151	33:36
13.0%	130000	520.0000000010267	-446822.8189236084	73324.16590370834	-373498.6530199001	302.52375955481995	304.861982427127	0.9529269587981604	151	33:17
14.0%	140000	560.0000000012177	-446652.0929445997	72073.52598272334	-374578.56696187635	297.3638196348407	304.861982427127	0.9529269587981604	148	33:31
15.0%	150000	600.0000000014087	-446852.9564665945	72856.06886799191	-373996.88759860257	300.59246619012805	304.861982427127	0.9529269587981604	145	33:44
16.0%	160000	640.0000000015997	-446864.5058221915	72691.49576089333	-374173.01006129815	299.91346392031073	304.861982427127	0.9529269587981604	145	33:26
17.0%	170000	680.0000000017907	-446143.3766380204	73139.04979937548	-373004.3268386449	301.76000017008363	304.861982427127	0.9529269587981604	144	33:07
18.0%	180000	720.0000000019817	-447382.2608190505	73357.10694828791	-374025.15387076256	302.6596690265071	304.861982427127	0.9529269587981604	144	32:48
19.0%	190000	760.0000000021727	-445292.46863064566	73758.10665881872	-371534.36197182693	304.31412957870066	304.861982427127	0.9529269587981604	144	32:22
20.0%	200000	800.0000000023637	-447164.5619134719	73433.96972095652	-373730.5921925154	302.9767925105717	304.861982427127	0.9529269587981604	142	32:24
21.0%	210000	840.0000000025547	-446327.537714544	72892.96220936958	-373434.5755051744	300.74468220511505	304.861982427127	0.9529269587981604	135	33:37
22.0%	220000	880.0000000027457	-447736.09302542964	73442.5674285629	-374293.52559686673	303.0122652745177	304.861982427127	0.9529269587981604	133	33:45
23.0%	230000	920.0000000029366	-446946.8986865815	72799.85721417668	-374147.04147240485	300.3605459134581	304.861982427127	0.9529269587981604	134	33:12
24.0%	240000	960.0000000031276	-446814.6709577914	72406.60406671403	-374408.0668910773	298.7380464392275	304.861982427127	0.9529269587981604	134	32:39
25.0%	250000	1000.0000000033186	-445224.9610521386	72589.86938270775	-372635.09166943084	299.4941697678342	304.861982427127	0.9529269587981604	133	32:27
26.0%	260000	1040.0000000030548	-445436.03531586006	73338.3211606235	-372097.71415523655	302.5821618767102	304.861982427127	0.9529269587981604	130	32:43
27.0%	270000	1080.000000002109	-448092.24823769764	73002.909716174	-375089.33852152363	301.1983080009521	304.861982427127	0.9529269587981604	126	33:21
28.0%	280000	1120.000000001163	-445787.85280851065	73175.38476354603	-372612.4680449646	301.9099124101847	304.861982427127	0.9529269587981604	127	32:45
29.0%	290000	1160.0000000002171	-445908.1844914425	72789.03079755604	-373119.1536938865	300.3158778532325	304.861982427127	0.9529269587981604	127	32:10
30.0%	300000	1199.9999999992713	-447031.4770321185	72828.39520726562	-374203.08182485285	300.4782891002099	304.861982427127	0.9529269587981604	128	31:36
31.0%	310000	1239.9999999983254	-446985.6898639018	73123.91533832072	-373861.7745255811	301.69755780881445	304.861982427127	0.9529269587981604	128	31:02
32.0%	320000	1279.9999999973795	-446374.38286216767	72680.8066770274	-373693.5761851403	299.8693624730258	304.861982427127	0.9529269587981604	128	30:29
33.0%	330000	1319.9999999964336	-446507.46335537545	73524.13531546004	-372983.3280399154	303.3488013059738	304.861982427127	0.9529269587981604	129	29:57
34.0%	340000	1359.9999999954878	-447124.71000686823	73080.6805814919	-374044.0294253763	301.51917812978115	304.861982427127	0.9529269587981604	129	29:25
35.0%	350000	1399.999999994542	-445516.99293799745	72895.47750771465	-372621.5154302828	300.7550599230526	304.861982427127	0.9529269587981604	130	28:54
36.0%	360000	1439.999999993596	-446397.62012839154	72773.280231927	-373624.33989646455	300.2508935432102	304.861982427127	0.9529269587981604	130	28:23
37.0%	370000	1479.9999999926501	-447039.09870252805	73134.13563924684	-373904.9630632812	301.7397251328044	304.861982427127	0.9529269587981604	130	27:52
38.0%	380000	1519.9999999917043	-446899.26086650626	73441.86675879848	-373457.3941077078	303.0093744233402	304.861982427127	0.9529269587981604	130	27:22
39.0%	390000	1559.9999999907584	-446276.61741748033	73160.11440418789	-373116.50301329244	301.84690935429114	304.861982427127	0.9529269587981604	131	26:52
40.0%	400000	1599.9999999898125	-447167.00548840687	73386.49845714541	-373780.50703126146	302.7809336825584	304.861982427127	0.9529269587981604	131	26:22
41.0%	410000	1639.9999999888666	-447751.8053070151	73508.63657058669	-374243.1687364284	303.28485596803944	304.861982427127	0.9529269587981604	131	25:52
42.0%	420000	1679.9999999879208	-445301.9910017599	72779.52630947914	-372522.46469228074	300.2766638583615	304.861982427127	0.9529269587981604	132	25:23
43.0%	430000	1719.999999986975	-446363.03527225717	73031.14678768476	-373331.8884845724	301.3148096334899	304.861982427127	0.9529269587981604	132	24:53
44.0%	440000	1759.999999986029	-447294.16328080185	72718.8679253885	-374575.29535541334	300.026397085089	304.861982427127	0.9529269587981604	132	24:27
45.0%	450000	1799.9999999850832	-446759.28756312304	72872.11912889699	-373887.16843422607	300.6586869948381	304.861982427127	0.9529269587981604	131	24:07
46.0%	460000	1839.9999999841373	-446475.73747863807	72837.42310252856	-373638.3143761095	300.51553674949645	304.861982427127	0.9529269587981604	129	24:11
47.0%	470000	1879.9999999831914	-447762.7391504883	72916.82484885538	-374845.9143016329	300.843135632047	304.861982427127	0.9529269587981604	128	23:52
48.0%	480000	1919.9999999822455	-447002.79782656487	73120.86200065247	-373881.9358259124	301.68496022684127	304.861982427127	0.9529269587981604	128	23:22
49.0%	490000	1959.9999999812997	-446502.02552712103	72768.28096814081	-373733.7445589802	300.23026738187633	304.861982427127	0.9529269587981604	128	22:52
50.0%	500000	1999.9999999803538	-447118.4035289157	73066.75119268778	-374051.65233622794	301.46170770352546	304.861982427127	0.9529269587981604	129	22:23
51.0%	510000	2039.999999979408	-445242.5218787836	73320.87476563791	-371921.6471131457	302.51018084649087	304.861982427127	0.9529269587981604	129	21:53
52.0%	520000	2079.9999999784623	-446850.70876336517	73142.19874607399	-373708.5100172912	301.77299221959595	304.861982427127	0.9529269587981604	129	21:24
53.0%	530000	2119.9999999775164	-446535.7373095872	72762.12131357985	-373773.61599600734	300.2048536341387	304.861982427127	0.9529269587981604	129	20:55
54.0%	540000	2159.9999999765705	-446679.55768463085	72818.52972771344	-373861.0279569174	300.4375857123547	304.861982427127	0.9529269587981604	130	20:26
55.0%	550000	2199.9999999756246	-446947.63531384245	73058.69293159887	-373888.9423822436	301.42846060947335	304.861982427127	0.9529269587981604	130	19:58
56.0%	560000	2239.9999999746788	-446072.90421484574	73311.66995367897	-372761.23426116677	302.47220326726455	304.861982427127	0.9529269587981604	130	19:29
57.0%	570000	2279.999999973733	-446451.70248236344	72555.55811173111	-373896.14437063236	299.35260696158844	304.861982427127	0.9529269587981604	130	19:00
58.0%	580000	2319.999999972787	-446746.13825906045	72739.49333474715	-374006.6449243133	300.11149421922795	304.861982427127	0.9529269587981604	130	18:32
59.0%	590000	2359.999999971841	-446347.63303768076	72444.68865277153	-373902.94438490923	298.8951773388866	304.861982427127	0.9529269587981604	131	18:04
60.0%	600000	2399.9999999708953	-446782.0760185579	72538.06118749897	-374244.0148310589	299.28041745579435	304.861982427127	0.9529269587981604	131	17:36
61.0%	610000	2439.9999999699494	-446514.97821988654	73274.84063812534	-373240.1375817612	302.3202514125684	304.861982427127	0.9529269587981604	131	17:08
62.0%	620000	2479.9999999690035	-447047.8316884674	73081.77165069734	-373966.0600377701	301.52367970649726	304.861982427127	0.9529269587981604	131	16:40
63.0%	630000	2519.9999999680576	-446844.5603144034	73676.04436845635	-373168.51594594703	303.97555371776673	304.861982427127	0.9529269587981604	131	16:13
64.0%	640000	2559.9999999671118	-445492.3856762848	73124.44746357804	-372367.93821270677	301.69975327236205	304.861982427127	0.9529269587981604	132	15:45
65.0%	650000	2599.999999966166	-446845.70686327456	73219.45237183408	-373626.2544914405	302.09172830088835	304.861982427127	0.9529269587981604	132	15:18
66.0%	660000	2639.99999996522	-447674.23766919784	72722.70918570482	-374951.528483493	300.0422455096568	304.861982427127	0.9529269587981604	132	14:50
67.0%	670000	2679.999999964274	-445588.2443265931	72720.62541205925	-372867.6189145339	300.03364819348485	304.861982427127	0.9529269587981604	132	14:23
68.0%	680000	2719.9999999633283	-447783.3228356121	73015.73575783859	-374767.5870777735	301.25122619370273	304.861982427127	0.9529269587981604	132	13:55
69.0%	690000	2759.9999999623824	-446667.96799707017	72804.20581210463	-373863.76218496554	300.3784875317192	304.861982427127	0.9529269587981604	132	13:28
70.0%	700000	2799.9999999614365	-446682.80155461	72587.36192308762	-374095.4396315224	299.4838243912198	304.861982427127	0.9529269587981604	133	13:01
71.0%	710000	2839.9999999604906	-447117.5561751118	72838.98115304031	-374278.5750220715	300.52196501625656	304.861982427127	0.9529269587981604	132	12:37
72.0%	720000	2879.9999999595448	-445601.36425494356	72609.5718983686	-372991.79235657497	299.57545919045424	304.861982427127	0.9529269587981604	131	12:17
73.0%	730000	2919.999999958599	-446913.3956882835	72702.8493847273	-374210.5463035562	299.96030715302254	304.861982427127	0.9529269587981604	129	12:01
74.0%	740000	2959.999999957653	-445508.99555864045	72522.43203214451	-372986.56352649594	299.21593406511107	304.861982427127	0.9529269587981604	128	11:39
75.0%	750000	2999.999999956707	-445824.95534329256	72635.06500697034	-373189.89033632225	299.6806396717033	304.861982427127	0.9529269587981604	129	11:11
76.0%	760000	3039.9999999557613	-446099.97093116445	73448.70686051057	-372651.2640706539	303.0375955869931	304.861982427127	0.9529269587981604	129	10:45
77.0%	770000	3079.9999999548154	-446745.6529624597	73179.27539179893	-373566.3775706608	301.92596451894843	304.861982427127	0.9529269587981604	128	10:19
78.0%	780000	3119.9999999538695	-445573.21003226726	71718.72966823727	-373854.48036403	295.899986891411	304.861982427127	0.9529269587981604	129	9:51
79.0%	790000	3159.9999999529236	-446439.50111414446	73803.06813156017	-372636.4329825843	304.4996334109123	304.861982427127	0.9529269587981604	129	9:23
80.0%	800000	3199.9999999519778	-447097.20974060544	73007.21169291367	-374089.99804769177	301.2160572676605	304.861982427127	0.9529269587981604	129	8:56
81.0%	810000	3239.999999951032	-446920.43270403775	72883.19672995713	-374037.2359740806	300.7043914018131	304.861982427127	0.9529269587981604	129	8:28
82.0%	820000	3279.999999950086	-445893.2922563455	72926.53882731881	-372966.7534290267	300.88321395068556	304.861982427127	0.9529269587981604	129	8:01
83.0%	830000	3319.99999994914	-445895.8304534715	73722.04093170888	-372173.78952176264	304.1653281675714	304.861982427127	0.9529269587981604	129	7:34
84.0%	840000	3359.9999999481943	-445922.33554589236	72986.5571766677	-372935.77836922463	301.1308400431684	304.861982427127	0.9529269587981604	130	7:06
85.0%	850000	3399.9999999472484	-445977.40817049704	73302.26564623904	-372675.142524258	302.4334026016494	304.861982427127	0.9529269587981604	130	6:39
86.0%	860000	3439.9999999463025	-446117.1207126903	72962.41192551155	-373154.70878717874	301.03122060576834	304.861982427127	0.9529269587981604	130	6:12
87.0%	870000	3479.9999999453566	-447243.3315964381	73106.04312707746	-374137.2884693606	301.62381992894586	304.861982427127	0.9529269587981604	130	5:45
88.0%	880000	3519.999999944411	-446727.9603037336	73295.61173150607	-373432.3485722275	302.40594961563903	304.861982427127	0.9529269587981604	130	5:18
89.0%	890000	3559.999999943465	-447165.7982911386	72562.91072285757	-374602.88756828103	299.382942656964	304.861982427127	0.9529269587981604	130	4:51
90.0%	900000	3599.999999942519	-446991.23281213036	73233.95484064805	-373757.2779714823	302.1515631634382	304.861982427127	0.9529269587981604	130	4:24
91.0%	910000	3639.999999941573	-446144.0822728749	73160.00245849986	-372984.079814375	301.84644748431975	304.861982427127	0.9529269587981604	131	3:58
92.0%	920000	3679.9999999406273	-447196.3119846075	73570.90001419035	-373625.41197041713	303.54174495967897	304.861982427127	0.9529269587981604	131	3:31
93.0%	930000	3719.9999999396814	-446701.20064450125	73409.41747390496	-373291.7831705963	302.8754938733215	304.861982427127	0.9529269587981604	131	3:05
94.0%	940000	3759.9999999387355	-445377.0902185133	73190.58655364958	-372186.5036648637	301.97263256032085	304.861982427127	0.9529269587981604	131	2:38
95.0%	950000	3799.9999999377897	-445583.5074286277	73058.13363286806	-372525.37379575963	301.4261530325283	304.861982427127	0.9529269587981604	131	2:12
96.0%	960000	3839.999999936844	-447287.1938295369	73980.78405970673	-373306.4097698302	305.23286085445767	304.861982427127	0.9529269587981604	131	1:45
97.0%	970000	3879.999999935898	-447242.0205099061	73699.57031125377	-373542.45019865234	304.0726179881124	304.861982427127	0.9529269587981604	131	1:19
98.0%	980000	3919.999999934952	-447096.91208379855	73332.80041051318	-373764.11167328537	302.5593841463623	304.861982427127	0.9529269587981604	131	0:52
99.0%	990000	3959.999999934006	-447024.1136138714	73250.36160546914	-373773.75200840225	302.219254846182	304.861982427127	0.9529269587981604	131	0:26
100.0%	1000000	3999.9999999330603	-447707.74365417706	72918.56549455476	-374789.1781596223	300.8503172572935	304.861982427127	0.9529269587981604	131	0:00
