#"Progress (%)"	"Step"	"Time (ps)"	"Potential Energy (kJ/mole)"	"Kinetic Energy (kJ/mole)"	"Total Energy (kJ/mole)"	"Temperature (K)"	"Box Volume (nm^3)"	"Density (g/mL)"	"Speed (ns/day)"	"Time Remaining"
1.0%	10000	39.99999999999959	-445584.80453331163	73343.98164049874	-372240.8228928129	302.6055161096787	304.861982427127	0.9529269587981604	0	--
2.0%	20000	80.00000000000584	-447976.20687706163	73060.57096882921	-374915.6359082324	301.43620909016187	304.861982427127	0.9529269587981604	223	25:17
3.0%	30000	120.00000000005473	-446333.23226768663	72187.81103740429	-374145.42123028234	297.8353414581972	304.861982427127	0.9529269587981604	223	25:03
4.0%	40000	159.9999999999899	-446693.88265831163	73131.26729164715	-373562.6153666645	301.7278907902125	304.861982427127	0.9529269587981604	223	24:47
5.0%	50000	199.9999999998967	-446278.52328331163	73200.61249117291	-373077.9107921387	302.0139979720543	304.861982427127	0.9529269587981604	223	24:31
6.0%	60000	239.99999999980346	-446533.27914268663	73231.02053557243	-373302.2586071142	302.1394566908692	304.861982427127	0.9529269587981604	223	24:16
7.0%	70000	279.99999999988074	-446232.71664268663	72185.03328738175	-374047.6833553049	297.82388090669195	304.861982427127	0.9529269587981604	223	24:00
8.0%	80000	320.00000000007174	-445749.21273643663	73182.96823479116	-372566.24450164544	301.9412005974184	304.861982427127	0.9529269587981604	223	23:45
9.0%	90000	360.00000000026273	-447514.95492393663	73409.5364843164	-374105.41843962023	302.87598489120967	304.861982427127	0.9529269587981604	223	23:29
10.0%	100000	400.0000000004537	-445429.81429893663	72547.34010324976	-372882.47419568687	299.318700775392	304.861982427127	0.9529269587981604	223	23:14
11.0%	110000	440.0000000006447	-447767.45883018663	72791.7071564481	-374975.75167373853	300.32692008117965	304.861982427127	0.9529269587981604	223	22:59
12.0%	120000	480.0000000008357	-447112.76156456163	73351.84546643868	-373760.91609812295	302.6379609954611	304.861982427127	0.9529269587981604	223	22:43
13.0%	130000	520.0000000010267	-447162.03500206163	72990.25578775507	-374171.77921430656	301.1460999198747	304.861982427127	0.9529269587981604	223	22:28
14.0%	140000	560.0000000012177	-446957.26156456163	73009.81622698368	-373947.44533757796	301.22680315790063	304.861982427127	0.9529269587981604	223	22:12
15.0%	150000	600.0000000014087	-446011.37875206163	71993.37340426294	-374018.0053477987	297.03312293921516	304.861982427127	0.9529269587981604	223	21:57
16.0%	160000	640.0000000015997	-446672.49398643663	72446.41940272751	-374226.0745837091	298.90231813588144	304.861982427127	0.9529269587981604	223	21:41
17.0%	170000	680.0000000017907	-446553.99398643663	73046.62246411963	-373507.371522317	301.3786597947434	304.861982427127	0.9529269587981604	223	21:26
18.0%	180000	720.0000000019817	-446422.83383018663	73745.72926898906	-372677.1045611976	304.2630624515319	304.861982427127	0.9529269587981604	223	21:10
19.0%	190000	760.0000000021727	-446139.18148643663	73674.43866819784	-372464.7428182388	303.9689288557866	304.861982427127	0.9529269587981604	223	20:55
20.0%	200000	800.0000000023637	-447247.39437706163	73054.64364237129	-374192.75073469034	301.4117538909509	304.861982427127	0.9529269587981604	223	20:39
21.0%	210000	840.0000000025547	-446083.07211143663	73079.17937271157	-373003.89273872506	301.51298438289695	304.861982427127	0.9529269587981604	223	20:24
22.0%	220000	880.0000000027457	-445515.79086143663	73536.1707357518	-371979.6201256848	303.39845752162404	304.861982427127	0.9529269587981604	223	20:08
23.0%	230000	920.0000000029366	-446632.34750206163	72812.04084506747	-373820.30665699416	300.4108136222917	304.861982427127	0.9529269587981604	223	19:53
24.0%	240000	960.0000000031276	-446718.04086143663	72902.08070137957	-373815.96016005706	300.78230364206337	304.861982427127	0.9529269587981604	223	19:37
25.0%	250000	1000.0000000033186	-446588.78695518663	73035.4440964202	-373553.34285876644	301.33253964076084	304.861982427127	0.9529269587981604	223	19:22
26.0%	260000	1040.0000000030548	-446961.66000206163	72393.38332874165	-374568.27667332	298.6834997927543	304.861982427127	0.9529269587981604	223	19:06
27.0%	270000	1080.000000002109	-446774.20492393663	72672.78672702133	-374101.4181969153	299.83627344436275	304.861982427127	0.9529269587981604	223	18:50
28.0%	280000	1120.000000001163	-448040.59554893663	72833.69085454242	-375206.9046943942	300.5001380923356	304.861982427127	0.9529269587981604	223	18:35
29.0%	290000	1160.0000000002171	-446272.73617393663	72735.64384349785	-373537.0923304388	300.09561183514955	304.861982427127	0.9529269587981604	223	18:19
30.0%	300000	1199.9999999992713	-445896.07406456163	72702.2126135017	-373193.8614510599	299.9576799369775	304.861982427127	0.9529269587981604	223	18:04
31.0%	310000	1239.9999999983254	-445831.47445518663	72897.0122206955	-372934.46223449113	300.7613919028997	304.861982427127	0.9529269587981604	223	17:48
32.0%	320000	1279.9999999973795	-447085.52328331163	72694.6247334001	-374390.89854991157	299.9263735595084	304.861982427127	0.9529269587981604	223	17:33
33.0%	330000	1319.9999999964336	-446041.43148643663	72229.85933216847	-373811.57215426816	298.0088259848624	304.861982427127	0.9529269587981604	223	17:17
34.0%	340000	1359.9999999954878	-447121.48422081163	72774.99966146913	-374346.4845593425	300.25798763399143	304.861982427127	0.9529269587981604	223	17:02
35.0%	350000	1399.999999994542	-447798.07211143663	72841.29377503315	-374956.7783364035	300.53150652404025	304.861982427127	0.9529269587981604	223	16:46
36.0%	360000	1439.999999993596	-444851.36703331163	72503.40365642717	-372347.96337688447	299.1374260358783	304.861982427127	0.9529269587981604	223	16:31
37.0%	370000	1479.9999999926501	-446032.14828331163	73506.52394780109	-372525.62433551054	303.2761396249383	304.861982427127	0.9529269587981604	223	16:15
38.0%	380000	1519.9999999917043	-446782.00570518663	72554.15873075812	-374227.8469744285	299.3468333399212	304.861982427127	0.9529269587981604	223	16:00
39.0%	390000	1559.9999999907584	-447277.31625206163	72429.05148018675	-374848.2647718749	298.83066087039566	304.861982427127	0.9529269587981604	223	15:44
40.0%	400000	1599.9999999898125	-446467.00961143663	73015.91562842391	-373451.0939830127	301.2519683109166	304.861982427127	0.9529269587981604	223	15:29
41.0%	410000	1639.9999999888666	-446846.80258018663	72647.66389420658	-374199.13868598006	299.7326206616803	304.861982427127	0.9529269587981604	223	15:13
42.0%	420000	1679.9999999879208	-446824.91390831163	72776.44853373687	-374048.46537457476	300.26396544881067	304.861982427127	0.9529269587981604	223	14:58
43.0%	430000	1719.999999986975	-445805.77914268663	73324.51573351008	-372481.26340917655	302.5252028965276	304.861982427127	0.9529269587981604	223	14:42
44.0%	440000	1759.999999986029	-447747.99008018663	72489.55197118327	-375258.43810900336	299.08027620206155	304.861982427127	0.9529269587981604	223	14:27
45.0%	450000	1799.9999999850832	-446674.24008018663	73336.00512503242	-373338.23495515424	302.5726062849671	304.861982427127	0.9529269587981604	223	14:11
46.0%	460000	1839.9999999841373	-446434.14828331163	72660.02095746272	-373774.1273258489	299.7836039246637	304.861982427127	0.9529269587981604	223	13:56
47.0%	470000	1879.9999999831914	-446815.80843956163	72976.80682568438	-373839.00161387725	301.0906116573409	304.861982427127	0.9529269587981604	223	13:40
48.0%	480000	1919.9999999822455	-445651.93539268663	73091.48972252796	-372560.44567015866	301.5637749137129	304.861982427127	0.9529269587981604	223	13:25
49.0%	490000	1959.9999999812997	-446235.26937706163	72715.4238869123	-373519.84549014934	300.01218753418533	304.861982427127	0.9529269587981604	223	13:09
50.0%	500000	1999.9999999803538	-447278.39828331163	73289.9966771901	-373988.40160612157	302.3827828012493	304.861982427127	0.9529269587981604	223	12:54
51.0%	510000	2039.999999979408	-447194.71078331163	72857.46663260239	-374337.24415070924	300.5982331429426	304.861982427127	0.9529269587981604	223	12:38
52.0%	520000	2079.9999999784623	-446736.15414268663	72588.58246921096	-374147.5716734757	299.4888601689527	304.861982427127	0.9529269587981604	223	12:23
53.0%	530000	2119.9999999775164	-446438.08187706163	73083.12081301876	-373354.9610640429	301.52924613405486	304.861982427127	0.9529269587981604	223	12:07
54.0%	540000	2159.9999999765705	-446104.56820518663	73101.83460475784	-373002.7336004288	301.60645624020003	304.861982427127	0.9529269587981604	223	11:52
55.0%	550000	2199.9999999756246	-447386.84164268663	73113.81068370098	-374273.0309589857	301.6558676229543	304.861982427127	0.9529269587981604	223	11:36
56.0%	560000	2239.9999999746788	-447418.86508018663	72530.88571196864	-374887.979368218	299.2508125935055	304.861982427127	0.9529269587981604	223	11:21
57.0%	570000	2279.999999973733	-446626.23031456163	73016.25982308242	-373609.9704914792	301.2533884029262	304.861982427127	0.9529269587981604	223	11:05
58.0%	580000	2319.999999972787	-446706.02523643663	73003.03207713529	-373702.99315930135	301.19881284267206	304.861982427127	0.9529269587981604	223	10:50
59.0%	590000	2359.999999971841	-445475.91000206163	72571.41051987128	-372904.49948219035	299.41801145749315	304.861982427127	0.9529269587981604	223	10:34
60.0%	600000	2399.9999999708953	-446745.75179893663	72093.36706296334	-374652.3847359733	297.4456807527117	304.861982427127	0.9529269587981604	223	10:19
61.0%	610000	2439.9999999699494	-447264.16586143663	72575.68338410668	-374688.48247732996	299.4356406106738	304.861982427127	0.9529269587981604	223	10:03
62.0%	620000	2479.9999999690035	-446111.20297081163	72351.22867072641	-373759.9743000852	298.5095764283581	304.861982427127	0.9529269587981604	223	9:48
63.0%	630000	2519.9999999680576	-446027.23422081163	72780.09572247777	-373247.13849833386	300.279013165155	304.861982427127	0.9529269587981604	223	9:32
64.0%	640000	2559.9999999671118	-446944.70101768663	71852.12965595844	-375092.5713617282	296.450373865645	304.861982427127	0.9529269587981604	223	9:17
65.0%	650000	2599.999999966166	-447257.34164268663	72838.37324264797	-374418.96840003866	300.5194568753852	304.861982427127	0.9529269587981604	223	9:01
66.0%	660000	2639.99999996522	-446380.98617393663	72282.04323286354	-374098.9429410731	298.2241283975382	304.861982427127	0.9529269587981604	223	8:46
67.0%	670000	2679.999999964274	-447426.19320518663	73256.54054989712	-374169.6526552895	302.24474818082	304.861982427127	0.9529269587981604	223	8:30
68.0%	680000	2719.9999999633283	-446505.56039268663	73326.90827830497	-373178.65211438166	302.5350741529862	304.861982427127	0.9529269587981604	223	8:15
69.0%	690000	2759.9999999623824	-447546.77523643663	73321.38570984523	-374225.3895265914	302.51228892042	304.861982427127	0.9529269587981604	223	7:59
70.0%	700000	2799.9999999614365	-446538.61117393663	73147.44101188483	-373391.1701620518	301.79462096834663	304.861982427127	0.9529269587981604	223	7:44
71.0%	710000	2839.9999999604906	-445789.12875206163	73308.56366237404	-372480.5650896876	302.4593872070713	304.861982427127	0.9529269587981604	223	7:28
72.0%	720000	2879.9999999595448	-448258.76742393663	72739.72141331749	-375519.04601061915	300.1124352348634	304.861982427127	0.9529269587981604	223	7:13
73.0%	730000	2919.999999958599	-446291.58578331163	72478.64771942631	-373812.9380638853	299.0352870065352	304.861982427127	0.9529269587981604	223	6:58
74.0%	740000	2959.999999957653	-447282.52523643663	72469.3089874048	-374813.21624903183	298.9967568945891	304.861982427127	0.9529269587981604	223	6:42
75.0%	750000	2999.999999956707	-446773.26937706163	72968.52179726528	-373804.74757979636	301.0564289576201	304.861982427127	0.9529269587981604	223	6:27
76.0%	760000	3039.9999999557613	-447135.93343956163	73391.42315792292	-373744.5102816387	302.80125220886595	304.861982427127	0.9529269587981604	223	6:11
77.0%	770000	3079.9999999548154	-446900.07992393663	73026.88119156827	-373873.19873236836	301.29721046740326	304.861982427127	0.9529269587981604	223	5:56
78.0%	780000	3119.9999999538695	-446434.57015831163	73166.35378471843	-373268.2163735932	301.87265203860443	304.861982427127	0.9529269587981604	223	5:40
79.0%	790000	3159.9999999529236	-447028.16000206163	72603.21749409684	-374424.9425079648	299.5492419366154	304.861982427127	0.9529269587981604	223	5:25
80.0%	800000	3199.9999999519778	-446326.54476768663	73227.26667848486	-373099.2780892018	302.12396887801833	304.861982427127	0.9529269587981604	223	5:09
81.0%	810000	3239.999999951032	-446210.91195518663	72268.41241555696	-373942.4995396297	298.1678898294404	304.861982427127	0.9529269587981604	223	4:54
82.0%	820000	3279.999999950086	-446019.19906456163	73227.48302638158	-372791.71603818005	302.1248614947741	304.861982427127	0.9529269587981604	223	4:38
83.0%	830000	3319.99999994914	-446627.47836143663	72959.74870377762	-373667.729657659	301.0202325796306	304.861982427127	0.9529269587981604	223	4:23
84.0%	840000	3359.9999999481943	-445092.61703331163	73378.53516656079	-371714.08186675084	302.7480784215896	304.861982427127	0.9529269587981604	223	4:07
85.0%	850000	3399.9999999472484	-446439.09945518663	73413.02343897818	-373026.07601620845	302.89037150741837	304.861982427127	0.9529269587981604	223	3:52
86.0%	860000	3439.9999999463025	-446292.53890831163	72460.75741610996	-373831.78149220167	298.96147448167204	304.861982427127	0.9529269587981604	223	3:36
87.0%	870000	3479.9999999453566	-446986.25961143663	73273.716018721	-373712.54359271564	302.31561141310743	304.861982427127	0.9529269587981604	223	3:21
88.0%	880000	3519.999999944411	-446936.11312706163	72688.99681510648	-374247.11631195515	299.9031536704082	304.861982427127	0.9529269587981604	223	3:05
89.0%	890000	3559.999999943465	-446841.83968956163	73296.68525069108	-373545.15443887055	302.410378783783	304.861982427127	0.9529269587981604	223	2:50
90.0%	900000	3599.999999942519	-446169.57797081163	72774.3559730755	-373395.22199773614	300.25533187881945	304.861982427127	0.9529269587981604	223	2:34
91.0%	910000	3639.999999941573	-446962.17367393663	72758.69119347096	-374203.48248046567	300.19070150818857	304.861982427127	0.9529269587981604	223	2:19
92.0%	920000	3679.9999999406273	-446029.20101768663	73665.26686417335	-372363.9341535133	303.9310874620088	304.861982427127	0.9529269587981604	223	2:03
93.0%	930000	3719.9999999396814	-447144.82015831163	72899.67671582184	-374245.1434424898	300.7723851828504	304.861982427127	0.9529269587981604	223	1:48
94.0%	940000	3759.9999999387355	-447342.18929893663	72752.94758010638	-374589.24171883025	300.16700427976366	304.861982427127	0.9529269587981604	223	1:32
95.0%	950000	3799.9999999377897	-447245.35140831163	72823.09129433578	-374422.26011397585	300.4564060053242	304.861982427127	0.9529269587981604	223	1:17
96.0%	960000	3839.999999936844	-446375.98226768663	73238.38528827787	-373137.59697940876	302.1698424804542	304.861982427127	0.9529269587981604	223	1:01
97.0%	970000	3879.999999935898	-446728.46664268663	73053.39057445526	-373675.07606823137	301.40658393351237	304.861982427127	0.9529269587981604	223	0:46
98.0%	980000	3919.999999934952	-446436.09945518663	73711.45858907414	-372724.6408661125	304.1216671175028	304.861982427127	0.9529269587981604	223	0:30
99.0%	990000	3959.999999934006	-447401.71078331163	73034.75881736213	-374366.9519659495	301.3297122891717	304.861982427127	0.9529269587981604	223	0:15
100.0%	1000000	3999.9999999330603	-446784.35726768663	73367.96025135997	-373416.39701632666	302.7044480159232	304.861982427127	0.9529269587981604	223	0:00
