#"Progress (%)"	"Step"	"Time (ps)"	"Potential Energy (kJ/mole)"	"Kinetic Energy (kJ/mole)"	"Total Energy (kJ/mole)"	"Temperature (K)"	"Box Volume (nm^3)"	"Density (g/mL)"	"Speed (ns/day)"	"Time Remaining"
0.0%	1000	4.000000000000003	-452508.85146828974	71049.47210380089	-381459.3793644889	293.1387374178107	304.861982427127	0.9529269587981604	0	--
0.0%	2000	7.999999999999562	-448166.04873391474	73052.38356397202	-375113.6651699427	301.402429169615	304.861982427127	0.9529269587981604	181	5:18:16
0.0%	3000	11.999999999999122	-447024.36514016474	72320.84269738721	-374703.5224427775	298.38420877120154	304.861982427127	0.9529269587981604	181	5:18:02
0.0%	4000	15.999999999998682	-447241.00381203974	72943.48169295312	-374297.5221190866	300.95311749948354	304.861982427127	0.9529269587981604	181	5:18:03
0.1%	5000	20.000000000000018	-445280.21670266474	73406.17647742317	-371874.04022524157	302.86212204115276	304.861982427127	0.9529269587981604	181	5:17:44
0.1%	6000	24.000000000001354	-446768.0972826965	73349.44672460615	-373418.65055809036	302.6280641710182	304.861982427127	0.9529269587981604	181	5:17:32
0.1%	7000	28.00000000000269	-446691.65420266474	73084.4004619976	-373607.25374066713	301.53452576069935	304.861982427127	0.9529269587981604	181	5:17:42
0.1%	8000	32.00000000000402	-446214.32220341754	73212.91469251853	-373001.407510899	302.0647548835856	304.861982427127	0.9529269587981604	181	5:18:05
0.1%	9000	36.000000000001805	-447239.88696233975	72456.5333184133	-374783.35364392644	298.94404653141623	304.861982427127	0.9529269587981604	181	5:18:04
0.1%	10000	39.99999999999959	-446184.262149506	73037.46004646097	-373146.80210304505	301.340857127607	304.861982427127	0.9529269587981604	179	5:21:03
0.1%	11000	43.99999999999737	-446719.53701516474	72418.11375884764	-374301.4232563171	298.7855335847363	304.861982427127	0.9529269587981604	179	5:21:05
0.1%	12000	47.999999999995154	-447040.0237782053	73846.70999030484	-373193.31378790044	304.6796927272192	304.861982427127	0.9529269587981604	179	5:21:03
0.1%	13000	51.99999999999294	-446617.2054182142	72466.38539071206	-374150.82002750214	298.98469460309207	304.861982427127	0.9529269587981604	179	5:21:05
0.1%	14000	55.99999999999072	-446992.27427210077	72983.7144834126	-374008.5597886882	301.1191115462916	304.861982427127	0.9529269587981604	179	5:21:02
0.1%	15000	59.9999999999885	-446165.0772212208	73018.19683785908	-373146.8803833617	301.26138021552066	304.861982427127	0.9529269587981604	179	5:20:55
0.2%	16000	63.99999999998629	-445619.3778465199	73036.81214480777	-372582.56570171216	301.33818398920124	304.861982427127	0.9529269587981604	179	5:20:53
0.2%	17000	67.99999999999118	-446848.6784771865	72928.14604489015	-373920.5324322963	300.88984507285534	304.861982427127	0.9529269587981604	179	5:20:49
0.2%	18000	71.99999999999606	-446121.2716257104	73146.89540503814	-372974.3762206723	301.7923698819215	304.861982427127	0.9529269587981604	179	5:20:42
0.2%	19000	76.00000000000095	-447155.37382132723	72854.77626125023	-374300.597560077	300.5871331018303	304.861982427127	0.9529269587981604	179	5:20:43
0.2%	20000	80.00000000000584	-447061.15029641474	73159.88826746726	-373901.2620289475	301.84597635041644	304.861982427127	0.9529269587981604	179	5:21:40
0.2%	21000	84.00000000001073	-445261.37685891474	72271.54990456742	-372989.8269543473	298.18083460636774	304.861982427127	0.9529269587981604	179	5:21:36
0.2%	22000	88.00000000001562	-446048.08187447675	72150.08797399187	-373897.9939004849	297.6797021430438	304.861982427127	0.9529269587981604	179	5:21:23
0.2%	23000	92.0000000000205	-446893.7489012836	72642.46452246868	-374251.2843788149	299.71116888700163	304.861982427127	0.9529269587981604	179	5:21:17
0.2%	24000	96.0000000000254	-446121.0606203391	73427.789795788	-372693.2708245511	302.9512951295555	304.861982427127	0.9529269587981604	179	5:21:05
0.2%	25000	100.00000000003028	-446017.0061707897	72154.98910356656	-373862.01706722315	297.6999234183454	304.861982427127	0.9529269587981604	179	5:21:03
0.3%	26000	104.00000000003517	-446689.8670518715	73114.10838176805	-373575.75867010345	301.6570958774779	304.861982427127	0.9529269587981604	179	5:20:54
0.3%	27000	108.00000000004006	-445989.3299011169	73315.74933900894	-372673.58056210796	302.4890341574831	304.861982427127	0.9529269587981604	179	5:20:52
0.3%	28000	112.00000000004495	-446933.79259200464	72604.94991980924	-374328.8426721954	299.5563896475126	304.861982427127	0.9529269587981604	179	5:20:41
0.3%	29000	116.00000000004984	-446824.0957611704	72945.01144525653	-373879.08431591385	300.9594290123704	304.861982427127	0.9529269587981604	179	5:20:31
0.3%	30000	120.00000000005473	-448249.4345097586	73528.1660078824	-374721.2685018762	303.36543129705785	304.861982427127	0.9529269587981604	179	5:21:22
0.3%	31000	124.00000000005961	-447694.39966469095	72391.22752205952	-375303.17214263143	298.6746052798155	304.861982427127	0.9529269587981604	179	5:21:17
0.3%	32000	128.0000000000645	-447379.35928078974	73289.03743056429	-374090.32185022545	302.37882510337437	304.861982427127	0.9529269587981604	179	5:21:13
0.3%	33000	132.00000000005517	-446699.80470791087	73108.86833811237	-373590.9363697985	301.63547629698337	304.861982427127	0.9529269587981604	179	5:21:09
0.3%	34000	136.00000000004584	-446275.6232933318	72805.14467568533	-373470.4786176465	300.38236113241607	304.861982427127	0.9529269587981604	179	5:21:06
0.3%	35000	140.00000000003652	-446834.98032668233	73344.47401572391	-373490.5063109584	302.607547570963	304.861982427127	0.9529269587981604	179	5:21:00
0.4%	36000	144.0000000000272	-446726.0077876062	73065.82851350552	-373660.1792741007	301.45790087706325	304.861982427127	0.9529269587981604	179	5:20:59
0.4%	37000	148.00000000001788	-447489.87906192685	71843.01241334988	-375646.866648577	296.4127575835268	304.861982427127	0.9529269587981604	179	5:20:55
0.4%	38000	152.00000000000855	-446933.367297187	73040.86426117062	-373892.50303601637	301.3549023720309	304.861982427127	0.9529269587981604	179	5:20:54
0.4%	39000	155.99999999999923	-448042.9028737077	73174.42402692576	-374868.47884678195	301.9059485648313	304.861982427127	0.9529269587981604	179	5:20:51
0.4%	40000	159.9999999999899	-447123.08406773186	73435.76026587217	-373687.3238018597	302.984180011989	304.861982427127	0.9529269587981604	178	5:21:28
0.4%	41000	163.9999999999806	-446478.3358692224	73281.70110032128	-373196.63476890116	302.34855658031523	304.861982427127	0.9529269587981604	178	5:21:44
0.4%	42000	167.99999999997127	-446173.0925509655	73102.2114219648	-373070.8811290007	301.60801092761733	304.861982427127	0.9529269587981604	178	5:21:58
0.4%	43000	171.99999999996194	-446286.95498391474	73001.27401162195	-373285.6809722928	301.1915593460645	304.861982427127	0.9529269587981604	178	5:22:30
0.4%	44000	175.99999999995262	-446708.3283623853	72144.1127422594	-374564.2156201259	297.65504929434593	304.861982427127	0.9529269587981604	178	5:22:59
0.5%	45000	179.9999999999433	-445844.5019359768	73065.87330201373	-372778.62863396306	301.4580856672716	304.861982427127	0.9529269587981604	177	5:23:25
0.5%	46000	183.99999999993398	-445329.63021659455	73115.03660139866	-372214.5936151959	301.6609255629423	304.861982427127	0.9529269587981604	177	5:23:51
0.5%	47000	187.99999999992465	-446125.3557617755	73506.39973654214	-372618.9560252334	303.2756271491867	304.861982427127	0.9529269587981604	177	5:24:17
0.5%	48000	191.99999999991533	-445399.2786943952	73440.0771719833	-371959.2015224119	303.00199087489193	304.861982427127	0.9529269587981604	177	5:24:36
0.5%	49000	195.999999999906	-446700.19040073385	72544.54786047735	-374155.6425402565	299.307180429123	304.861982427127	0.9529269587981604	176	5:25:00
0.5%	50000	199.9999999998967	-446611.9753416239	71829.80642729074	-374782.16891433316	296.35827180108384	304.861982427127	0.9529269587981604	176	5:25:52
0.5%	51000	203.99999999988736	-446496.1652756778	72694.21136267524	-373801.95391300257	299.9246680581334	304.861982427127	0.9529269587981604	176	5:26:23
0.5%	52000	207.99999999987804	-446604.3072735509	72672.66874548933	-373931.63852806157	299.8357866714663	304.861982427127	0.9529269587981604	175	5:26:59
0.5%	53000	211.99999999986872	-446701.3417693954	73134.8142566951	-373566.5275127003	301.7425249996589	304.861982427127	0.9529269587981604	175	5:27:35
0.5%	54000	215.9999999998594	-447309.3336264335	73222.65524028038	-374086.67838615313	302.1049428228921	304.861982427127	0.9529269587981604	174	5:28:23
0.6%	55000	219.99999999985008	-447689.79142952664	73171.68461375049	-374518.10681577615	301.89464618501506	304.861982427127	0.9529269587981604	174	5:28:52
0.6%	56000	223.99999999984075	-447604.70098958677	72362.66651001992	-375242.03447956685	298.5567671205618	304.861982427127	0.9529269587981604	174	5:29:18
0.6%	57000	227.99999999983143	-447720.97215578286	72135.66329383542	-375585.30886194744	297.6201882240305	304.861982427127	0.9529269587981604	174	5:29:45
0.6%	58000	231.9999999998221	-446916.70643072086	72839.22321258346	-374077.4832181374	300.5229637151456	304.861982427127	0.9529269587981604	173	5:30:23
0.6%	59000	235.9999999998128	-446042.862645193	73565.19365550176	-372477.66898969124	303.51820143807777	304.861982427127	0.9529269587981604	173	5:30:47
0.6%	60000	239.99999999980346	-447047.2382297742	72840.55228285852	-374206.68594691565	300.52844724613936	304.861982427127	0.9529269587981604	173	5:31:37
0.6%	61000	243.99999999979414	-446661.53310891474	74003.68217557232	-372657.8509333424	305.32733481148125	304.861982427127	0.9529269587981604	172	5:32:01
0.6%	62000	247.99999999978482	-446309.66129551944	73612.46707373601	-372697.19422178343	303.7132439869424	304.861982427127	0.9529269587981604	172	5:32:22
0.6%	63000	251.9999999997755	-446324.28521861555	73040.63481255634	-373283.6504060592	301.35395570381365	304.861982427127	0.9529269587981604	172	5:32:46
0.6%	64000	255.99999999976617	-446676.85732766474	73433.7904441359	-373243.06688352884	302.97605284313596	304.861982427127	0.9529269587981604	172	5:33:07
0.7%	65000	259.99999999978525	-447087.74534565327	72620.38190294406	-374467.3634427092	299.62005953721126	304.861982427127	0.9529269587981604	172	5:33:37
0.7%	66000	263.99999999980434	-447177.49328151206	73153.81833458453	-374023.6749469275	301.82093277994693	304.861982427127	0.9529269587981604	171	5:33:55
0.7%	67000	267.99999999982344	-447478.82162099914	73393.68029230583	-374085.1413286933	302.810564783662	304.861982427127	0.9529269587981604	171	5:34:16
0.7%	68000	271.99999999984254	-445986.96015812666	72918.38595337354	-373068.57420475315	300.8495764991482	304.861982427127	0.9529269587981604	171	5:34:40
0.7%	69000	275.99999999986164	-446081.93154641474	73055.40401684062	-373026.5275295741	301.41489107417414	304.861982427127	0.9529269587981604	171	5:35:00
0.7%	70000	279.99999999988074	-445505.21530886553	72712.19309111685	-372793.0222177487	299.998857788414	304.861982427127	0.9529269587981604	170	5:35:32
0.7%	71000	283.99999999989984	-446266.9742062688	72132.44193867408	-374134.5322675947	297.6068974288028	304.861982427127	0.9529269587981604	170	5:36:02
0.7%	72000	287.99999999991894	-446425.11797412904	72225.75889423594	-374199.3590798931	297.991908234979	304.861982427127	0.9529269587981604	170	5:36:18
0.7%	73000	291.99999999993804	-447320.3416902153	73146.6586863565	-374173.6830038588	301.7913932185712	304.861982427127	0.9529269587981604	170	5:36:32
0.7%	74000	295.99999999995714	-444988.4902011857	72407.35193205904	-372581.13826912665	298.7411320118082	304.861982427127	0.9529269587981604	170	5:36:47
0.8%	75000	299.99999999997624	-447097.48232766474	73247.6071737436	-373849.87515392114	302.2078905022338	304.861982427127	0.9529269587981604	170	5:37:03
0.8%	76000	303.99999999999534	-448756.6526507018	73287.12141525815	-375469.53123544366	302.3709199312305	304.861982427127	0.9529269587981604	169	5:37:17
0.8%	77000	308.00000000001444	-447112.3117472599	73214.21784646908	-373898.09390079085	302.070131487977	304.861982427127	0.9529269587981604	169	5:37:31
0.8%	78000	312.00000000003354	-447140.89788426156	73568.80130544375	-373572.0965788178	303.5330860236732	304.861982427127	0.9529269587981604	169	5:37:48
0.8%	79000	316.00000000005264	-445762.4059360414	72681.83544686809	-373080.5704891733	299.87360701254534	304.861982427127	0.9529269587981604	169	5:38:05
0.8%	80000	320.00000000007174	-445575.1283524742	74087.3485533073	-371487.7797991669	305.6725288798865	304.861982427127	0.9529269587981604	169	5:38:36
0.8%	81000	324.00000000009084	-446242.68864789046	73282.03396771778	-372960.6546801727	302.3499299378568	304.861982427127	0.9529269587981604	169	5:38:50
0.8%	82000	328.00000000010994	-446225.765690594	72799.98837501067	-373425.7773155833	300.3610870620428	304.861982427127	0.9529269587981604	169	5:39:01
0.8%	83000	332.00000000012903	-445621.8026556624	72520.1183993452	-373101.6842563172	299.20638838690184	304.861982427127	0.9529269587981604	168	5:39:10
0.8%	84000	336.00000000014813	-446166.9646923335	73496.09892038046	-372670.865771953	303.233127632236	304.861982427127	0.9529269587981604	168	5:39:21
0.8%	85000	340.00000000016723	-447049.7048742615	72868.65384996007	-374181.05102430144	300.64438980919704	304.861982427127	0.9529269587981604	168	5:39:31
0.9%	86000	344.00000000018633	-446811.9184819239	72742.70819481299	-374069.2102871109	300.12475821673235	304.861982427127	0.9529269587981604	168	5:39:41
0.9%	87000	348.00000000020543	-446857.79252797924	72355.13146702398	-374502.66106095526	298.5256787405244	304.861982427127	0.9529269587981604	168	5:39:50
0.9%	88000	352.00000000022453	-447170.5844439396	72961.38274344185	-374209.20170049777	301.0269743654579	304.861982427127	0.9529269587981604	168	5:39:59
0.9%	89000	356.00000000024363	-446626.93670132966	73312.74345132112	-373314.1932500085	302.4766323465261	304.861982427127	0.9529269587981604	168	5:40:07
0.9%	90000	360.00000000026273	-447076.9315055001	73295.15749862921	-373781.7740068709	302.4040755235723	304.861982427127	0.9529269587981604	168	5:40:29
0.9%	91000	364.00000000028183	-445772.74014016474	72539.78953501798	-373232.95060514676	299.2875483407192	304.861982427127	0.9529269587981604	168	5:40:38
0.9%	92000	368.00000000030093	-446965.45380660915	73137.58961998345	-373827.8641866257	301.75397570388134	304.861982427127	0.9529269587981604	167	5:40:50
0.9%	93000	372.00000000032003	-446560.7908157094	71812.55887087522	-374748.2319448342	296.2871111469442	304.861982427127	0.9529269587981604	167	5:41:12
0.9%	94000	376.0000000003391	-448088.4433975832	73120.71441367408	-374967.7289839091	301.68435130661675	304.861982427127	0.9529269587981604	167	5:41:31
0.9%	95000	380.0000000003582	-446010.61123391474	73546.3130713068	-372464.29816260794	303.44030317298524	304.861982427127	0.9529269587981604	167	5:41:50
1.0%	96000	384.0000000003773	-446533.3924056934	72369.59218641801	-374163.8002192754	298.58534135165723	304.861982427127	0.9529269587981604	167	5:42:08
1.0%	97000	388.0000000003964	-445832.93666427163	73323.34961994336	-372509.5870443283	302.5203916988014	304.861982427127	0.9529269587981604	167	5:42:26
1.0%	98000	392.0000000004155	-446089.15402063425	72466.41777457541	-373622.73624605883	298.9848282137233	304.861982427127	0.9529269587981604	166	5:42:44
1.0%	99000	396.0000000004346	-446306.45107766474	73304.7105763164	-373001.74050134834	302.4434899913897	304.861982427127	0.9529269587981604	166	5:43:00
1.0%	100000	400.0000000004537	-446828.8289703557	73766.36775138951	-373062.4612189662	304.34821352294654	304.861982427127	0.9529269587981604	166	5:43:31
1.0%	101000	404.0000000004728	-446316.26956230705	72538.8995545221	-373777.3700077849	299.2838764237976	304.861982427127	0.9529269587981604	166	5:43:44
1.0%	102000	408.0000000004919	-446202.1097767027	72988.7652663138	-373213.3445103889	301.139950267239	304.861982427127	0.9529269587981604	166	5:43:55
1.0%	103000	412.000000000511	-445887.4738882296	73699.26722689334	-372188.20666133624	304.07136751060546	304.861982427127	0.9529269587981604	166	5:44:06
1.0%	104000	416.0000000005301	-446087.96571828285	72770.20154877247	-373317.7641695104	300.2381913898218	304.861982427127	0.9529269587981604	165	5:44:25
1.1%	105000	420.0000000005492	-446451.07341786986	72537.45723061368	-373913.6161872562	299.2779256264596	304.861982427127	0.9529269587981604	165	5:44:41
1.1%	106000	424.0000000005683	-448207.88179513975	72855.45265959651	-375352.42913554324	300.5899238130257	304.861982427127	0.9529269587981604	165	5:44:51
1.1%	107000	428.0000000005874	-446643.1887768493	73397.14140453422	-373246.0473723151	302.82484477813136	304.861982427127	0.9529269587981604	165	5:45:01
1.1%	108000	432.0000000006065	-445260.84848203696	72817.60546701937	-372443.2430150176	300.4337723608282	304.861982427127	0.9529269587981604	165	5:45:11
1.1%	109000	436.0000000006256	-444538.4558150228	74448.85747120692	-370089.5983438159	307.16405674941876	304.861982427127	0.9529269587981604	165	5:45:22
1.1%	110000	440.0000000006447	-446485.6814946176	72689.29269273265	-373796.38880188495	299.9043744140844	304.861982427127	0.9529269587981604	165	5:45:46
1.1%	111000	444.0000000006638	-446738.95511553506	72691.6714362516	-374047.28367928346	299.91418872868996	304.861982427127	0.9529269587981604	165	5:45:56
1.1%	112000	448.0000000006829	-446420.284959069	72966.9803469032	-373453.3046121658	301.05006918041767	304.861982427127	0.9529269587981604	165	5:46:07
1.1%	113000	452.000000000702	-446353.48494661995	73989.71261540166	-372363.7723312183	305.26969864460415	304.861982427127	0.9529269587981604	164	5:46:16
1.1%	114000	456.0000000007211	-447195.99949080637	73510.03214101994	-373685.9673497864	303.29061386803033	304.861982427127	0.9529269587981604	164	5:46:25
1.1%	115000	460.0000000007402	-445809.34680611733	72618.89712235983	-373190.4496837575	299.6139335704318	304.861982427127	0.9529269587981604	164	5:46:34
1.2%	116000	464.0000000007593	-445615.25655827345	73007.22985307779	-372608.02670519566	301.2161321935879	304.861982427127	0.9529269587981604	164	5:46:44
1.2%	117000	468.0000000007784	-445525.9336008965	73591.04713495524	-371934.88646594126	303.6248687517177	304.861982427127	0.9529269587981604	164	5:46:53
1.2%	118000	472.0000000007975	-445655.8963648949	73217.70614732371	-372438.1902175712	302.0845236583618	304.861982427127	0.9529269587981604	164	5:47:01
1.2%	119000	476.0000000008166	-445489.25771828974	72486.62555422448	-373002.63216406526	299.0682022745986	304.861982427127	0.9529269587981604	164	5:47:08
1.2%	120000	480.0000000008357	-445908.44058253313	73437.97335978039	-372470.46722275275	302.9933108828433	304.861982427127	0.9529269587981604	164	5:47:26
1.2%	121000	484.0000000008548	-446832.28701516474	73026.46543105436	-373805.8215841104	301.29549510614146	304.861982427127	0.9529269587981604	164	5:47:35
1.2%	122000	488.0000000008739	-447900.8524064771	73056.20236871438	-374844.6500377627	301.4181849460828	304.861982427127	0.9529269587981604	164	5:47:42
1.2%	123000	492.000000000893	-446281.2396898826	72596.54819740541	-373684.6914924772	299.5217254871091	304.861982427127	0.9529269587981604	164	5:47:51
1.2%	124000	496.0000000009121	-446610.62396588316	72529.8305892736	-374080.79337660957	299.2464593263314	304.861982427127	0.9529269587981604	163	5:47:58
1.2%	125000	500.0000000009312	-447012.1837805521	72662.93173646953	-374349.2520440826	299.79561333244243	304.861982427127	0.9529269587981604	163	5:48:06
1.3%	126000	504.0000000009503	-446810.2346446449	73359.40505583369	-373450.8295888112	302.6691506500079	304.861982427127	0.9529269587981604	163	5:48:12
1.3%	127000	508.0000000009694	-447825.56187120173	73460.77378460421	-374364.7880865975	303.0873817822819	304.861982427127	0.9529269587981604	163	5:48:20
1.3%	128000	512.0000000009885	-446669.26357766474	72738.91902841447	-373930.34454925027	300.1091247233222	304.861982427127	0.9529269587981604	163	5:48:26
1.3%	129000	516.0000000010076	-447784.75489691296	72935.77378881891	-374848.98110809404	300.9213159220878	304.861982427127	0.9529269587981604	163	5:48:32
1.3%	130000	520.0000000010267	-447903.5825163878	72649.56989486027	-375254.01262152754	299.74048451497293	304.861982427127	0.9529269587981604	163	5:48:49
1.3%	131000	524.0000000010458	-446851.4914184839	72754.41038508958	-374097.0810333943	300.17303957873446	304.861982427127	0.9529269587981604	163	5:48:57
1.3%	132000	528.0000000010649	-446329.03413814935	73350.06797623402	-372978.96616191533	302.63062735568957	304.861982427127	0.9529269587981604	163	5:49:03
1.3%	133000	532.000000001084	-446041.51748391474	73522.598105426	-372518.91937848873	303.3424590236854	304.861982427127	0.9529269587981604	163	5:49:10
1.3%	134000	536.0000000011031	-445733.9829979562	72466.70638220699	-373267.27661574923	298.9860189625667	304.861982427127	0.9529269587981604	163	5:49:16
1.4%	135000	540.0000000011222	-446251.40615578974	72545.92249808874	-373705.483657701	299.312851963645	304.861982427127	0.9529269587981604	163	5:49:21
1.4%	136000	544.0000000011413	-447360.2109187201	72913.40642110829	-374446.8044976118	300.8290317469081	304.861982427127	0.9529269587981604	163	5:49:27
1.4%	137000	548.0000000011604	-445864.90526687284	73352.86617580103	-372512.0390910718	302.6421722787387	304.861982427127	0.9529269587981604	162	5:49:40
1.4%	138000	552.0000000011795	-445939.3621622955	72601.77955059777	-373337.5826116977	299.54330921214444	304.861982427127	0.9529269587981604	162	5:49:45
1.4%	139000	556.0000000011986	-446792.24404641474	72749.69730192912	-374042.5467444856	300.1535941528067	304.861982427127	0.9529269587981604	162	5:49:50
1.4%	140000	560.0000000012177	-446760.5989554983	72892.48624283262	-373868.1127126657	300.7427184434492	304.861982427127	0.9529269587981604	162	5:50:10
1.4%	141000	564.0000000012368	-446161.4931029072	72988.95074505056	-373172.54235785664	301.14071552278705	304.861982427127	0.9529269587981604	162	5:50:17
1.4%	142000	568.0000000012559	-445115.502616392	72815.86492969163	-372299.6376867003	300.42659118270575	304.861982427127	0.9529269587981604	162	5:50:21
1.4%	143000	572.000000001275	-446936.4382809149	72846.390769755	-374090.0475111599	300.552535907555	304.861982427127	0.9529269587981604	162	5:50:26
1.4%	144000	576.0000000012941	-447077.7552568512	73022.12216934783	-374055.6330875034	301.2775755042749	304.861982427127	0.9529269587981604	162	5:50:32
1.4%	145000	580.0000000013132	-446398.21948319045	72307.01042087912	-374091.20906231133	298.3271390147187	304.861982427127	0.9529269587981604	162	5:50:37
1.5%	146000	584.0000000013323	-446958.4783645158	73376.39953741292	-373582.0788271029	302.7392671579241	304.861982427127	0.9529269587981604	162	5:50:41
1.5%	147000	588.0000000013514	-446191.48818703974	72279.09621586383	-373912.3919711759	298.2119694776073	304.861982427127	0.9529269587981604	162	5:50:45
1.5%	148000	592.0000000013705	-446894.0306105993	73033.4192099976	-373860.6114006017	301.3241852838352	304.861982427127	0.9529269587981604	162	5:50:51
1.5%	149000	596.0000000013896	-446999.26836048486	72723.99034972733	-374275.2780107575	300.0475313871287	304.861982427127	0.9529269587981604	162	5:50:58
1.5%	150000	600.0000000014087	-446818.42594533926	72590.97125679738	-374227.4546885419	299.4987159237713	304.861982427127	0.9529269587981604	162	5:51:14
1.5%	151000	604.0000000014278	-447224.77353391773	72972.70484175964	-374252.0686921581	301.0736875289413	304.861982427127	0.9529269587981604	161	5:51:21
1.5%	152000	608.0000000014469	-446307.16006203974	72557.4780180616	-373749.68204397813	299.36052818747544	304.861982427127	0.9529269587981604	161	5:51:27
1.5%	153000	612.000000001466	-445838.9472419622	72535.5467372732	-373303.40050468897	299.2700432370612	304.861982427127	0.9529269587981604	161	5:51:33
1.5%	154000	616.0000000014851	-447294.49321211316	73319.14555834164	-373975.3476537715	302.5030464142628	304.861982427127	0.9529269587981604	161	5:51:39
1.6%	155000	620.0000000015042	-446847.8129589283	72234.04212824116	-374613.77083068714	298.02608353123566	304.861982427127	0.9529269587981604	161	5:51:46
1.6%	156000	624.0000000015233	-447339.99775243783	73153.2246512255	-374186.77310121234	301.8184833375353	304.861982427127	0.9529269587981604	161	5:51:51
1.6%	157000	628.0000000015424	-445671.91718506	73026.45249402989	-372645.4646910301	301.2954417300514	304.861982427127	0.9529269587981604	161	5:51:56
1.6%	158000	632.0000000015615	-445974.3337590096	72308.10709365987	-373666.22666534974	298.33166371088873	304.861982427127	0.9529269587981604	161	5:52:01
1.6%	159000	636.0000000015806	-447107.0912337131	73625.08291390259	-373482.0083198105	303.76529492199353	304.861982427127	0.9529269587981604	161	5:52:06
1.6%	160000	640.0000000015997	-445565.889579355	72699.34807201056	-372866.54150734446	299.9458612977797	304.861982427127	0.9529269587981604	161	5:52:20
1.6%	161000	644.0000000016188	-445684.8083388305	73223.25066079549	-372461.557678035	302.1073994325313	304.861982427127	0.9529269587981604	161	5:52:25
1.6%	162000	648.0000000016379	-446994.7208441284	72813.46140775224	-374181.25943637616	300.4166746363078	304.861982427127	0.9529269587981604	161	5:52:30
1.6%	163000	652.000000001657	-446169.6338544369	72914.37071807671	-373255.2631363602	300.8330102816874	304.861982427127	0.9529269587981604	161	5:52:35
1.6%	164000	656.0000000016761	-446464.88155737217	74332.2813641607	-372132.60019321146	306.68308241110583	304.861982427127	0.9529269587981604	161	5:52:40
1.6%	165000	660.0000000016952	-446633.24084265856	73605.31142164127	-373027.9294210173	303.6837209129724	304.861982427127	0.9529269587981604	161	5:52:44
1.7%	166000	664.0000000017143	-447137.0124378635	73387.72558824718	-373749.2868496163	302.78599662885716	304.861982427127	0.9529269587981604	161	5:52:49
1.7%	167000	668.0000000017334	-446387.0661478548	71933.85559671768	-374453.2105511371	296.7875620020107	304.861982427127	0.9529269587981604	160	5:52:55
1.7%	168000	672.0000000017525	-446447.22786497744	73151.89473403257	-373295.33313094487	301.81299631229416	304.861982427127	0.9529269587981604	160	5:52:59
1.7%	169000	676.0000000017716	-446672.06253522355	73934.18812521163	-372737.8744100119	305.0406134949454	304.861982427127	0.9529269587981604	160	5:53:03
1.7%	170000	680.0000000017907	-446692.09365578974	72837.25375573826	-373854.8399000515	300.51483805177463	304.861982427127	0.9529269587981604	160	5:53:14
1.7%	171000	684.0000000018098	-447060.54932958144	72556.56571696658	-374503.98361261486	299.3567641793382	304.861982427127	0.9529269587981604	160	5:53:19
1.7%	172000	688.0000000018289	-446050.35306378594	72522.93681887642	-373527.4162449095	299.2180167342833	304.861982427127	0.9529269587981604	160	5:53:23
1.7%	173000	692.000000001848	-446786.7800080783	73482.78168109112	-373303.9983269872	303.1781828367918	304.861982427127	0.9529269587981604	160	5:53:28
1.7%	174000	696.0000000018671	-445962.87827745196	73519.05591630423	-372443.82236114773	303.3278445189452	304.861982427127	0.9529269587981604	160	5:53:32
1.8%	175000	700.0000000018862	-446063.18295915285	72182.72621546453	-373880.4567436883	297.8143622976309	304.861982427127	0.9529269587981604	160	5:53:36
1.8%	176000	704.0000000019053	-445849.6162753762	72804.34995140554	-373045.26632397063	300.3790822273789	304.861982427127	0.9529269587981604	160	5:53:40
1.8%	177000	708.0000000019244	-446753.93500006665	73314.69602596643	-373439.2389741002	302.48468835664545	304.861982427127	0.9529269587981604	160	5:53:44
1.8%	178000	712.0000000019435	-446231.2153897546	71976.8110240032	-374254.4043657514	296.96478921210627	304.861982427127	0.9529269587981604	160	5:53:47
1.8%	179000	716.0000000019626	-447156.6453139065	72584.4374949265	-374572.20781898	299.4717586692174	304.861982427127	0.9529269587981604	160	5:53:51
1.8%	180000	720.0000000019817	-446771.9818038191	73113.42779750633	-373658.55400631274	301.6542878958662	304.861982427127	0.9529269587981604	160	5:54:02
1.8%	181000	724.0000000020008	-446197.57861827104	73394.9932432489	-372802.58537502214	302.8159818088749	304.861982427127	0.9529269587981604	160	5:54:06
1.8%	182000	728.0000000020199	-446310.6483643877	73197.7838941678	-373112.8644702199	302.0023276340463	304.861982427127	0.9529269587981604	160	5:54:09
1.8%	183000	732.000000002039	-446105.51748391474	72678.45363809983	-373427.0638458149	299.8596542114455	304.861982427127	0.9529269587981604	160	5:54:12
1.8%	184000	736.0000000020581	-447660.3941016474	73310.25631152085	-374350.1377901266	302.4663708062325	304.861982427127	0.9529269587981604	160	5:54:15
1.9%	185000	740.0000000020772	-446597.2709280874	73074.03528591897	-373523.23564216844	301.49176070504404	304.861982427127	0.9529269587981604	160	5:54:18
1.9%	186000	744.0000000020963	-445419.64499299927	72888.54642668273	-372531.09856631653	300.7264633933041	304.861982427127	0.9529269587981604	160	5:54:21
1.9%	187000	748.0000000021154	-445525.9726351679	72364.97858369659	-373160.9940514713	298.5663063660808	304.861982427127	0.9529269587981604	159	5:54:24
1.9%	188000	752.0000000021345	-445657.9826728329	72986.78697949048	-372671.1956933424	301.13178817279316	304.861982427127	0.9529269587981604	159	5:54:29
1.9%	189000	756.0000000021536	-446788.6550360464	73047.38739263543	-373741.26764341095	301.3818157672326	304.861982427127	0.9529269587981604	159	5:54:31
1.9%	190000	760.0000000021727	-446607.92852845136	73164.89080178831	-373443.03772666305	301.8666160054531	304.861982427127	0.9529269587981604	159	5:54:40
1.9%	191000	764.0000000021918	-446696.76162453974	73080.1228932495	-373616.63873129024	301.51687719745314	304.861982427127	0.9529269587981604	159	5:54:42
1.9%	192000	768.0000000022109	-446471.070781932	73334.69599339686	-373136.3747885351	302.5672050176051	304.861982427127	0.9529269587981604	159	5:54:46
1.9%	193000	772.00000000223	-447208.6678451237	72773.61948500399	-374435.0483601197	300.2522932470463	304.861982427127	0.9529269587981604	159	5:54:48
1.9%	194000	776.0000000022491	-446911.56021239515	72289.095330465	-374622.46488193015	298.25322422226185	304.861982427127	0.9529269587981604	159	5:54:51
1.9%	195000	780.0000000022682	-447509.22451516474	73054.03837127396	-374455.1861438908	301.40925663938776	304.861982427127	0.9529269587981604	159	5:54:53
2.0%	196000	784.0000000022873	-445951.7622762907	72345.23113316187	-373606.5311431288	298.4848315493713	304.861982427127	0.9529269587981604	159	5:54:55
2.0%	197000	788.0000000023064	-446151.1210323395	72854.4424338516	-373296.6785984879	300.5857557834738	304.861982427127	0.9529269587981604	159	5:54:58
2.0%	198000	792.0000000023255	-446754.9631299211	72958.70357665885	-373796.25955326227	301.0159205526026	304.861982427127	0.9529269587981604	159	5:55:00
2.0%	199000	796.0000000023446	-445329.2972187251	73170.87001022877	-372158.4272084963	301.8912852614109	304.861982427127	0.9529269587981604	159	5:55:03
2.0%	200000	800.0000000023637	-447433.2537166446	73357.24860876461	-374076.00510788	302.66025349493526	304.861982427127	0.9529269587981604	159	5:55:13
2.0%	201000	804.0000000023828	-447113.238922548	72315.7081342988	-374797.5307882492	298.363024386626	304.861982427127	0.9529269587981604	159	5:55:16
2.0%	202000	808.0000000024019	-447259.00843912805	72248.07138277887	-375010.9370563492	298.08396598750625	304.861982427127	0.9529269587981604	159	5:55:18
2.0%	203000	812.000000002421	-447757.33301672107	72199.01096051035	-375558.3220562107	297.8815505463336	304.861982427127	0.9529269587981604	159	5:55:20
2.0%	204000	816.0000000024401	-447406.29258000036	72610.82645266282	-374795.46612733754	299.58063528045096	304.861982427127	0.9529269587981604	159	5:55:22
2.0%	205000	820.0000000024592	-447709.08779641474	73010.99015536689	-374698.09764104785	301.2316465983075	304.861982427127	0.9529269587981604	159	5:55:24
2.1%	206000	824.0000000024783	-447387.11897404795	72634.23354341602	-374752.8854306319	299.67720918630624	304.861982427127	0.9529269587981604	159	5:55:26
2.1%	207000	828.0000000024974	-448337.325431027	73106.85318038765	-375230.47225063934	301.6271620791063	304.861982427127	0.9529269587981604	159	5:55:28
2.1%	208000	832.0000000025165	-446251.44276099047	72126.12167966389	-374125.3210813266	297.58082105284194	304.861982427127	0.9529269587981604	159	5:55:30
2.1%	209000	836.0000000025356	-445488.04776368896	72120.85649519472	-373367.19126849424	297.55909774537935	304.861982427127	0.9529269587981604	159	5:55:32
2.1%	210000	840.0000000025547	-444904.9122894504	73555.82086001371	-371349.0914294367	303.47953078572687	304.861982427127	0.9529269587981604	159	5:55:41
2.1%	211000	844.0000000025738	-446553.6570322842	73174.54677595093	-373379.11025633325	301.9064550076407	304.861982427127	0.9529269587981604	159	5:55:43
2.1%	212000	848.0000000025929	-446292.6178470589	72968.0838376137	-373324.5340094452	301.05462200627335	304.861982427127	0.9529269587981604	158	5:55:45
2.1%	213000	852.000000002612	-446125.5509790126	73237.56470884278	-372887.98627016984	302.16645690118906	304.861982427127	0.9529269587981604	158	5:55:46
2.1%	214000	856.000000002631	-446466.2153632322	73407.53338634456	-373058.68197688763	302.8677204299406	304.861982427127	0.9529269587981604	158	5:55:48
2.1%	215000	860.0000000026502	-446215.2944189834	73286.20670414536	-372929.08771483804	302.3671459797461	304.861982427127	0.9529269587981604	158	5:55:50
2.2%	216000	864.0000000026693	-445317.4842497257	72403.4875727467	-372913.996676979	298.72518828448403	304.861982427127	0.9529269587981604	158	5:55:52
2.2%	217000	868.0000000026884	-446274.3929245472	73045.83724856627	-373228.5556759809	301.3754201211878	304.861982427127	0.9529269587981604	158	5:55:53
2.2%	218000	872.0000000027075	-445528.382088518	72599.3914579787	-372928.9906305393	299.53345632464976	304.861982427127	0.9529269587981604	158	5:55:54
2.2%	219000	876.0000000027266	-446267.2053409871	72796.00249117799	-373471.2028498091	300.34464194402005	304.861982427127	0.9529269587981604	158	5:55:58
2.2%	220000	880.0000000027457	-447812.17526225606	73195.88656021841	-374616.28870203765	301.994499538187	304.861982427127	0.9529269587981604	158	5:56:04
2.2%	221000	884.0000000027648	-446556.4743091923	73076.07733390376	-373480.3969752885	301.5001858678254	304.861982427127	0.9529269587981604	158	5:56:06
2.2%	222000	888.0000000027838	-446249.75922724605	73327.70026559534	-372922.0589616507	302.5383417656437	304.861982427127	0.9529269587981604	158	5:56:07
2.2%	223000	892.000000002803	-447461.02185672265	72887.08864399209	-374573.93321273057	300.72044881550755	304.861982427127	0.9529269587981604	158	5:56:08
2.2%	224000	896.000000002822	-445297.27225244	72776.74713211	-372520.52512033	300.26519741785285	304.861982427127	0.9529269587981604	158	5:56:09
2.2%	225000	900.0000000028411	-445514.7188364086	73526.4990166194	-371988.21981978917	303.358553558214	304.861982427127	0.9529269587981604	158	5:56:10
2.3%	226000	904.0000000028602	-446890.3519955834	73250.9718694934	-373639.38012609	302.2217726977616	304.861982427127	0.9529269587981604	158	5:56:11
2.3%	227000	908.0000000028793	-447102.0821879781	73124.5857901969	-373977.4963977812	301.7003239858269	304.861982427127	0.9529269587981604	158	5:56:12
2.3%	228000	912.0000000028984	-446566.6328515932	73215.99121713234	-373350.6416344609	302.0774481311808	304.861982427127	0.9529269587981604	158	5:56:13
2.3%	229000	916.0000000029175	-446553.02139016474	72839.31386513053	-373713.7075250342	300.5233377330293	304.861982427127	0.9529269587981604	158	5:56:15
2.3%	230000	920.0000000029366	-446742.66982766474	73607.13131605153	-373135.5385116132	303.6912295057016	304.861982427127	0.9529269587981604	158	5:56:22
2.3%	231000	924.0000000029557	-445271.1830264402	72137.0267606806	-373134.1562657596	297.62581366976116	304.861982427127	0.9529269587981604	158	5:56:24
2.3%	232000	928.0000000029748	-445987.3759888215	71611.52781638934	-374375.84817243216	295.4576892279795	304.861982427127	0.9529269587981604	158	5:56:28
2.3%	233000	932.0000000029939	-447636.65408678935	73167.74937331589	-374468.90471347346	301.8784100135379	304.861982427127	0.9529269587981604	158	5:56:29
2.3%	234000	936.000000003013	-447495.23260789295	72314.68924870662	-375180.5433591863	298.358820627932	304.861982427127	0.9529269587981604	158	5:56:31
2.4%	235000	940.0000000030321	-446995.8596639831	73148.47814150527	-373847.38152247784	301.79889999897796	304.861982427127	0.9529269587981604	158	5:56:32
2.4%	236000	944.0000000030512	-447229.1389643324	72809.12001880212	-374420.0189455303	300.3987627611341	304.861982427127	0.9529269587981604	158	5:56:32
2.4%	237000	948.0000000030703	-446899.41145180725	71971.12088675867	-374928.2905650486	296.9413126175841	304.861982427127	0.9529269587981604	158	5:56:33
2.4%	238000	952.0000000030894	-446343.71865578974	73469.39117955207	-372874.32747623767	303.1229357730442	304.861982427127	0.9529269587981604	158	5:56:34
2.4%	239000	956.0000000031085	-446515.2081207535	72373.88556472736	-374141.32255602616	298.6030551426199	304.861982427127	0.9529269587981604	158	5:56:35
2.4%	240000	960.0000000031276	-446874.2490677694	72995.6668876193	-373878.5821801501	301.1684252508768	304.861982427127	0.9529269587981604	158	5:56:41
2.4%	241000	964.0000000031467	-447831.2744740043	72167.98279354942	-375663.29168045486	297.75353330119447	304.861982427127	0.9529269587981604	158	5:56:42
2.4%	242000	968.0000000031658	-446382.90224953974	72847.66027832718	-373535.24197121256	300.5577736965064	304.861982427127	0.9529269587981604	158	5:56:43
2.4%	243000	972.0000000031849	-447354.48232766474	72719.48265952594	-374634.9996681388	300.0289333796392	304.861982427127	0.9529269587981604	158	5:56:43
2.4%	244000	976.000000003204	-445828.3874568227	72745.75602105363	-373082.631435769	300.1373330594384	304.861982427127	0.9529269587981604	158	5:56:44
2.5%	245000	980.0000000032231	-446122.5183407592	72818.17388879681	-373304.3444519624	300.43611757800187	304.861982427127	0.9529269587981604	158	5:56:45
2.5%	246000	984.0000000032422	-445332.8978853619	73626.46896614996	-371706.42891921196	303.77101355147465	304.861982427127	0.9529269587981604	157	5:56:45
2.5%	247000	988.0000000032613	-446303.4793972473	73102.080294871	-373201.3991023763	301.6074699182393	304.861982427127	0.9529269587981604	157	5:56:46
2.5%	248000	992.0000000032804	-446597.6986218279	72387.42548300058	-374210.2731388273	298.6589186758712	304.861982427127	0.9529269587981604	157	5:56:46
2.5%	249000	996.0000000032995	-447708.6827383044	72977.62311033768	-374731.0596279667	301.09397951702454	304.861982427127	0.9529269587981604	157	5:56:52
2.5%	250000	1000.0000000033186	-446460.04800972017	73677.55955582316	-372782.488453897	303.981805138059	304.861982427127	0.9529269587981604	157	5:56:57
2.5%	251000	1004.0000000033377	-445760.8766995992	72963.9860598995	-372796.8906396997	301.0377152320245	304.861982427127	0.9529269587981604	157	5:56:58
2.5%	252000	1008.0000000033568	-446323.32053542766	73528.16478928411	-372795.15574614354	303.3654262693166	304.861982427127	0.9529269587981604	157	5:56:58
2.5%	253000	1012.0000000033759	-445236.22552738385	73043.29801482172	-372192.92751256214	301.36494364962726	304.861982427127	0.9529269587981604	157	5:56:58
2.5%	254000	1016.000000003395	-446267.5638149313	72805.82785121375	-373461.73596371757	300.385179805179	304.861982427127	0.9529269587981604	157	5:56:59
2.5%	255000	1020.0000000034141	-447479.8215484251	72751.83146744172	-374727.9900809834	300.1623993777476	304.861982427127	0.9529269587981604	157	5:56:59
2.6%	256000	1024.0000000034331	-446619.6531348501	73178.18552826259	-373441.4676065875	301.92146791662975	304.861982427127	0.9529269587981604	157	5:56:59
2.6%	257000	1028.0000000033385	-446583.4856919646	72448.81336525513	-374134.6723267095	298.91219524167815	304.861982427127	0.9529269587981604	157	5:56:59
2.6%	258000	1032.000000003244	-445943.9458731639	72498.16581868206	-373445.7800544818	299.11581555661735	304.861982427127	0.9529269587981604	157	5:56:59
2.6%	259000	1036.0000000031494	-445298.150779699	72457.56686374964	-372840.58391594933	298.94831077386567	304.861982427127	0.9529269587981604	157	5:56:59
2.6%	260000	1040.0000000030548	-445625.85007645166	73785.60577183333	-371840.24430461833	304.42758651272874	304.861982427127	0.9529269587981604	157	5:57:04
2.6%	261000	1044.0000000029602	-445588.27594605833	72542.48028584267	-373045.79566021566	299.29864994747436	304.861982427127	0.9529269587981604	157	5:57:05
2.6%	262000	1048.0000000028656	-448406.83908446506	72289.14173363557	-376117.6973508295	298.2534156743083	304.861982427127	0.9529269587981604	157	5:57:05
2.6%	263000	1052.000000002771	-446476.83091471135	72717.60086618614	-373759.2300485252	300.021169401845	304.861982427127	0.9529269587981604	157	5:57:04
2.6%	264000	1056.0000000026764	-445527.21196249244	72602.97676025506	-372924.2352022374	299.5482487073577	304.861982427127	0.9529269587981604	157	5:57:04
2.6%	265000	1060.0000000025818	-445894.7155414163	73130.43303567974	-372764.28250573657	301.7244487837665	304.861982427127	0.9529269587981604	157	5:57:04
2.7%	266000	1064.0000000024872	-445649.3782594856	72616.12698950035	-373033.2512699852	299.6025044461208	304.861982427127	0.9529269587981604	157	5:57:04
2.7%	267000	1068.0000000023927	-445866.14639016474	72738.4852557996	-373127.66113436513	300.10733504701807	304.861982427127	0.9529269587981604	157	5:57:04
2.7%	268000	1072.000000002298	-447477.54908558866	72866.16874268476	-374611.3803429039	300.6341366547758	304.861982427127	0.9529269587981604	157	5:57:04
2.7%	269000	1076.0000000022035	-446700.8364455062	73036.4580617359	-373664.3783837703	301.33672309918256	304.861982427127	0.9529269587981604	157	5:57:04
2.7%	270000	1080.000000002109	-446868.07073358865	72973.29050886421	-373894.78022472444	301.0761038975715	304.861982427127	0.9529269587981604	157	5:57:08
2.7%	271000	1084.0000000020143	-445949.0222542002	73317.31623791129	-372631.7060162889	302.495498931285	304.861982427127	0.9529269587981604	157	5:57:08
2.7%	272000	1088.0000000019197	-446867.721558372	72810.8752074067	-374056.8463509653	300.4060043880772	304.861982427127	0.9529269587981604	157	5:57:07
2.7%	273000	1092.0000000018251	-446510.5634712691	72889.39185764751	-373621.1716136216	300.7299515059986	304.861982427127	0.9529269587981604	157	5:57:07
2.7%	274000	1096.0000000017305	-446232.5092322056	73355.80814808316	-372876.7010841224	302.6543103849732	304.861982427127	0.9529269587981604	157	5:57:08
2.8%	275000	1100.000000001636	-447016.0478720777	73243.42642801092	-373772.62144406675	302.19064141523495	304.861982427127	0.9529269587981604	157	5:57:07
2.8%	276000	1104.0000000015414	-446326.21909731394	73629.11706222859	-372697.1020350853	303.7819391715822	304.861982427127	0.9529269587981604	157	5:57:07
2.8%	277000	1108.0000000014468	-446723.49131254875	73176.7122258651	-373546.77908668364	301.91538930700966	304.861982427127	0.9529269587981604	157	5:57:07
2.8%	278000	1112.0000000013522	-447325.0938077774	73164.5095953272	-374160.5842124502	301.8650432086765	304.861982427127	0.9529269587981604	157	5:57:07
2.8%	279000	1116.0000000012576	-445776.3895981468	73091.45751112804	-372684.93208701874	301.56364201463816	304.861982427127	0.9529269587981604	157	5:57:07
2.8%	280000	1120.000000001163	-446703.1833972549	73188.07211939001	-373515.1112778649	301.96225840746166	304.861982427127	0.9529269587981604	157	5:57:11
2.8%	281000	1124.0000000010684	-447398.34312450537	73000.76098016393	-374397.58214434143	301.18944266047333	304.861982427127	0.9529269587981604	157	5:57:12
2.8%	282000	1128.0000000009738	-447955.7345143717	73313.25357299543	-374642.4809413763	302.4787370268159	304.861982427127	0.9529269587981604	157	5:57:12
2.8%	283000	1132.0000000008793	-446113.9872572953	73345.07105799872	-372768.9161992966	302.61001087172286	304.861982427127	0.9529269587981604	157	5:57:11
2.8%	284000	1136.0000000007847	-445913.6611066903	73265.70093958382	-372647.9601671065	302.282542480869	304.861982427127	0.9529269587981604	157	5:57:11
2.9%	285000	1140.00000000069	-446030.14001138275	72921.25886066246	-373108.8811507203	300.86142965428724	304.861982427127	0.9529269587981604	157	5:57:10
2.9%	286000	1144.0000000005955	-445877.9716272494	72786.31774707953	-373091.65388016985	300.3046842416871	304.861982427127	0.9529269587981604	157	5:57:10
2.9%	287000	1148.000000000501	-447550.9028527576	72569.67321533605	-374981.22963742155	299.4108436173546	304.861982427127	0.9529269587981604	157	5:57:10
2.9%	288000	1152.0000000004063	-445638.99599953974	72823.59584453516	-372815.4001550046	300.4584876986011	304.861982427127	0.9529269587981604	157	5:57:10
2.9%	289000	1156.0000000003117	-445912.43055784237	72610.70685386553	-373301.72370397684	299.58014183497704	304.861982427127	0.9529269587981604	157	5:57:09
2.9%	290000	1160.0000000002171	-446693.5483293799	72739.416150445	-373954.1321789349	300.11117576916473	304.861982427127	0.9529269587981604	157	5:57:13
2.9%	291000	1164.0000000001226	-447179.55524508865	73555.89208994247	-373623.6631551462	303.4798246689995	304.861982427127	0.9529269587981604	157	5:57:13
2.9%	292000	1168.000000000028	-446754.7468623626	73160.6084091592	-373594.13845320337	301.8489475396468	304.861982427127	0.9529269587981604	157	5:57:13
2.9%	293000	1171.9999999999334	-447459.71962881833	72769.39640612586	-374690.3232226925	300.23486950027245	304.861982427127	0.9529269587981604	157	5:57:12
2.9%	294000	1175.9999999998388	-446487.66201516474	72731.73210219224	-373755.9299129725	300.07947261731334	304.861982427127	0.9529269587981604	157	5:57:12
3.0%	295000	1179.9999999997442	-446296.1435507946	72797.32206075476	-373498.8214900398	300.350086276655	304.861982427127	0.9529269587981604	156	5:57:12
3.0%	296000	1183.9999999996496	-446302.2007744196	72993.55372872623	-373308.64704569336	301.15970669588216	304.861982427127	0.9529269587981604	156	5:57:11
3.0%	297000	1187.999999999555	-446096.2081767346	72713.58381458966	-373382.62436214497	300.00459569062275	304.861982427127	0.9529269587981604	156	5:57:11
3.0%	298000	1191.9999999994604	-447227.3271281894	73296.19134836108	-373931.1357798283	302.408341021909	304.861982427127	0.9529269587981604	156	5:57:11
3.0%	299000	1195.9999999993659	-447198.8313671099	72111.54356349469	-375087.2878036152	297.5206740814257	304.861982427127	0.9529269587981604	156	5:57:10
3.0%	300000	1199.9999999992713	-445987.5978918646	71662.25374443248	-374325.34414743213	295.66697627910906	304.861982427127	0.9529269587981604	156	5:57:14
3.0%	301000	1203.9999999991767	-446968.59696140187	72807.5193595519	-374161.07760185	300.39215869754645	304.861982427127	0.9529269587981604	156	5:57:13
3.0%	302000	1207.999999999082	-446364.32429190027	72914.96780191897	-373449.3564899813	300.83547375394795	304.861982427127	0.9529269587981604	156	5:57:12
3.0%	303000	1211.9999999989875	-446171.0857178529	73163.16436615051	-373007.9213517024	301.8594930086438	304.861982427127	0.9529269587981604	156	5:57:12
3.0%	304000	1215.999999998893	-445460.40287927515	73128.57155774254	-372331.8313215326	301.7167686240681	304.861982427127	0.9529269587981604	156	5:57:11
3.0%	305000	1219.9999999987983	-446673.5486801418	72529.12164744711	-374144.4270326947	299.2435343459513	304.861982427127	0.9529269587981604	156	5:57:11
3.1%	306000	1223.9999999987037	-446764.025078875	73492.84908430009	-373271.1759945749	303.21971932929995	304.861982427127	0.9529269587981604	156	5:57:10
3.1%	307000	1227.9999999986092	-446251.5272488196	72953.43614767725	-373298.09110114234	300.99418798464137	304.861982427127	0.9529269587981604	156	5:57:09
3.1%	308000	1231.9999999985146	-446741.0342394796	73148.10506761039	-373592.9291718692	301.7973607558666	304.861982427127	0.9529269587981604	156	5:57:09
3.1%	309000	1235.99999999842	-445935.8476905883	72302.56363713698	-373633.2840534514	298.3087922975209	304.861982427127	0.9529269587981604	156	5:57:08
3.1%	310000	1239.9999999983254	-445075.105603114	73082.62349488004	-371992.48210823396	301.52719427910137	304.861982427127	0.9529269587981604	156	5:57:11
3.1%	311000	1243.9999999982308	-445939.78689443646	73530.25918626878	-372409.5277081677	303.3740674156834	304.861982427127	0.9529269587981604	156	5:57:11
3.1%	312000	1247.9999999981362	-446989.9119848197	73439.9941013045	-373549.9178835152	303.0016481385819	304.861982427127	0.9529269587981604	156	5:57:11
3.1%	313000	1251.9999999980416	-446450.1015257677	72982.58067503633	-373467.5208507314	301.11443363460484	304.861982427127	0.9529269587981604	156	5:57:10
3.1%	314000	1255.999999997947	-447002.188549452	73331.56374724233	-373670.62480220967	302.55428187186124	304.861982427127	0.9529269587981604	156	5:57:09
3.1%	315000	1259.9999999978525	-446435.5418024622	73431.87760855391	-373003.6641939083	302.96816079002434	304.861982427127	0.9529269587981604	156	5:57:08
3.2%	316000	1263.9999999977579	-446621.77460972057	72952.43770807167	-373669.3369016489	300.9900685828119	304.861982427127	0.9529269587981604	156	5:57:07
3.2%	317000	1267.9999999976633	-445986.4504302677	72528.5591571622	-373457.8912731055	299.2412136011654	304.861982427127	0.9529269587981604	156	5:57:07
3.2%	318000	1271.9999999975687	-446090.0256668702	72932.54554685683	-373157.48012001335	300.90799671302364	304.861982427127	0.9529269587981604	156	5:57:06
3.2%	319000	1275.999999997474	-446105.787791135	73599.98440575687	-372505.80338537815	303.66174249899797	304.861982427127	0.9529269587981604	156	5:57:06
3.2%	320000	1279.9999999973795	-445970.65960171167	72613.26859926141	-373357.39100245025	299.5907111860039	304.861982427127	0.9529269587981604	156	5:57:09
3.2%	321000	1283.999999997285	-446702.30279617966	73385.51158690732	-373316.79120927234	302.7768620140854	304.861982427127	0.9529269587981604	156	5:57:09
3.2%	322000	1287.9999999971903	-446134.3025100387	72982.54522929953	-373151.7572807392	301.1142873911744	304.861982427127	0.9529269587981604	156	5:57:13
3.2%	323000	1291.9999999970958	-445572.70413819863	72307.66981916642	-373265.0343190322	298.3298595863946	304.861982427127	0.9529269587981604	156	5:57:12
3.2%	324000	1295.9999999970012	-447189.5146862143	73770.1069950288	-373419.4076911855	304.36364104305136	304.861982427127	0.9529269587981604	156	5:57:12
3.2%	325000	1299.9999999969066	-446213.51987420185	72473.23558104795	-373740.2842931539	299.0129573907902	304.861982427127	0.9529269587981604	156	5:57:11
3.3%	326000	1303.999999996812	-445698.2666462769	72205.96051429445	-373492.3061319825	297.9102232916977	304.861982427127	0.9529269587981604	156	5:57:10
3.3%	327000	1307.9999999967174	-445806.0989633936	73001.89041097986	-372804.20855241374	301.19410251104756	304.861982427127	0.9529269587981604	156	5:57:09
3.3%	328000	1311.9999999966228	-446436.3869115806	72329.61301145912	-374106.77390012145	298.420393681767	304.861982427127	0.9529269587981604	156	5:57:08
3.3%	329000	1315.9999999965282	-447517.32412453974	73029.87296108884	-374487.4511634509	301.3095540290644	304.861982427127	0.9529269587981604	156	5:57:07
3.3%	330000	1319.9999999964336	-447574.17117451574	73177.5769711805	-374396.59420333523	301.91895710762014	304.861982427127	0.9529269587981604	156	5:57:11
3.3%	331000	1323.999999996339	-446074.62175983493	72482.54369475588	-373592.07806507905	299.0513611764805	304.861982427127	0.9529269587981604	156	5:57:10
3.3%	332000	1327.9999999962445	-445546.81415736396	73110.7629026944	-372436.05125466955	301.6432929668768	304.861982427127	0.9529269587981604	156	5:57:09
3.3%	333000	1331.9999999961499	-447390.5976922326	72613.36812843272	-374777.22956379986	299.5911218274168	304.861982427127	0.9529269587981604	156	5:57:08
3.3%	334000	1335.9999999960553	-446089.53944151103	72129.52314555441	-373960.0162959566	297.59485495607856	304.861982427127	0.9529269587981604	156	5:57:07
3.4%	335000	1339.9999999959607	-445922.57810951956	73711.23023967748	-372211.3478698421	304.1207249844813	304.861982427127	0.9529269587981604	156	5:57:06
3.4%	336000	1343.9999999958661	-446452.98630801425	72941.03982037632	-373511.94648763794	300.9430427245007	304.861982427127	0.9529269587981604	156	5:57:05
3.4%	337000	1347.9999999957715	-446463.0494093511	72549.09921453986	-373913.9501948112	299.325958586707	304.861982427127	0.9529269587981604	156	5:57:04
3.4%	338000	1351.999999995677	-446802.4880500061	73075.82422449773	-373726.6638255084	301.4991415789726	304.861982427127	0.9529269587981604	156	5:57:03
3.4%	339000	1355.9999999955824	-447440.6130905815	72899.09637724841	-374541.5167133331	300.76999079888594	304.861982427127	0.9529269587981604	156	5:57:02
3.4%	340000	1359.9999999954878	-448510.83584328974	72777.44300757837	-375733.39283571136	300.26806848853306	304.861982427127	0.9529269587981604	156	5:57:04
3.4%	341000	1363.9999999953932	-446910.876077113	73293.88100442174	-373616.99507269124	302.398808913009	304.861982427127	0.9529269587981604	156	5:57:04
3.4%	342000	1367.9999999952986	-446416.08002271364	73095.24510068374	-373320.83492202987	301.5792690022475	304.861982427127	0.9529269587981604	156	5:57:03
3.4%	343000	1371.999999995204	-447157.8121170127	73612.98174996988	-373544.8303670428	303.71536745861516	304.861982427127	0.9529269587981604	156	5:57:01
3.4%	344000	1375.9999999951094	-447600.7265883044	73478.5541313194	-374122.172456985	303.16074064382735	304.861982427127	0.9529269587981604	156	5:57:00
3.5%	345000	1379.9999999950148	-445689.295795579	73235.26934199999	-372454.02645357896	302.1569865853896	304.861982427127	0.9529269587981604	156	5:56:59
3.5%	346000	1383.9999999949202	-445364.8572279804	74001.12488958635	-371363.73233839404	305.31678385926523	304.861982427127	0.9529269587981604	156	5:56:58
3.5%	347000	1387.9999999948257	-446328.32356011006	72988.12252375565	-373340.2010363544	301.1372984144328	304.861982427127	0.9529269587981604	156	5:56:57
3.5%	348000	1391.999999994731	-445889.1037099103	72992.43831384275	-372896.66539606755	301.1551046727994	304.861982427127	0.9529269587981604	156	5:56:56
3.5%	349000	1395.9999999946365	-446294.7011776471	72711.10582607065	-373583.59535157646	299.9943719070493	304.861982427127	0.9529269587981604	156	5:56:55
3.5%	350000	1399.999999994542	-445768.75381203974	73422.34328138513	-372346.4105306546	302.9288236838415	304.861982427127	0.9529269587981604	156	5:56:57
3.5%	351000	1403.9999999944473	-446960.06893006386	73172.85463116619	-373787.21429889766	301.8994734893966	304.861982427127	0.9529269587981604	156	5:56:56
3.5%	352000	1407.9999999943527	-446658.1534381418	73352.76662858936	-373305.38680955244	302.64176156289415	304.861982427127	0.9529269587981604	156	5:56:55
3.5%	353000	1411.9999999942581	-446310.4698923994	73368.56673422235	-372941.90315817704	302.7069502670347	304.861982427127	0.9529269587981604	156	5:56:54
3.5%	354000	1415.9999999941635	-445696.09995200695	73111.82197517209	-372584.27797683486	301.64766253022117	304.861982427127	0.9529269587981604	156	5:56:53
3.5%	355000	1419.999999994069	-447264.57662871433	73320.93638967571	-373943.6402390386	302.5104350973966	304.861982427127	0.9529269587981604	156	5:56:52
3.6%	356000	1423.9999999939744	-446749.59015184594	73042.01045242336	-373707.5796994226	301.3596313734818	304.861982427127	0.9529269587981604	156	5:56:50
3.6%	357000	1427.9999999938798	-446788.94286275166	72922.16137858073	-373866.78148417093	300.8651532986047	304.861982427127	0.9529269587981604	156	5:56:49
3.6%	358000	1431.9999999937852	-447399.94717141474	72443.17566920334	-374956.7715022114	298.8889350111144	304.861982427127	0.9529269587981604	156	5:56:48
3.6%	359000	1435.9999999936906	-446088.10212367354	73205.64482726215	-372882.4572964114	302.0347605844113	304.861982427127	0.9529269587981604	156	5:56:47
3.6%	360000	1439.999999993596	-446481.48926053825	72769.9823508031	-373711.50690973515	300.23728701412296	304.861982427127	0.9529269587981604	156	5:56:49
3.6%	361000	1443.9999999935014	-446702.6484517248	73474.49332431483	-373228.15512740996	303.1439864048025	304.861982427127	0.9529269587981604	156	5:56:49
3.6%	362000	1447.9999999934068	-448410.0391271275	72596.85771214002	-375813.1814149875	299.5230024953095	304.861982427127	0.9529269587981604	156	5:56:48
3.6%	363000	1451.9999999933123	-448223.00456148665	73644.05264230882	-374578.95191917784	303.84356098181786	304.861982427127	0.9529269587981604	156	5:56:47
3.6%	364000	1455.9999999932177	-447109.0936250589	72994.69785192015	-374114.39577313873	301.16442716485375	304.861982427127	0.9529269587981604	156	5:56:45
3.6%	365000	1459.999999993123	-446709.3208223346	72324.25797034253	-374385.0628519921	298.39829964017514	304.861982427127	0.9529269587981604	156	5:56:44
3.7%	366000	1463.9999999930285	-446672.4810179309	72343.14990319882	-374329.3311147321	298.4762447280258	304.861982427127	0.9529269587981604	156	5:56:43
3.7%	367000	1467.999999992934	-445962.23846692033	73667.59968676127	-372294.63878015906	303.940712314211	304.861982427127	0.9529269587981604	156	5:56:42
3.7%	368000	1471.9999999928393	-446799.55427912134	73405.77854629769	-373393.77573282365	302.8604802410908	304.861982427127	0.9529269587981604	156	5:56:41
3.7%	369000	1475.9999999927447	-446083.26485768124	73175.65735486287	-372907.60750281834	301.9110370782798	304.861982427127	0.9529269587981604	156	5:56:39
3.7%	370000	1479.9999999926501	-446499.74666215805	73235.51725740783	-373264.2294047502	302.1580094446381	304.861982427127	0.9529269587981604	156	5:56:41
3.7%	371000	1483.9999999925556	-447108.8489704742	71861.12663345819	-375247.722337016	296.48749395319476	304.861982427127	0.9529269587981604	155	5:56:40
3.7%	372000	1487.999999992461	-447505.5574387864	72527.04903856746	-374978.5084002189	299.23498309381455	304.861982427127	0.9529269587981604	155	5:56:39
3.7%	373000	1491.9999999923664	-447008.05510551296	72565.81830468844	-374442.2368008245	299.39493887370713	304.861982427127	0.9529269587981604	155	5:56:38
3.7%	374000	1495.9999999922718	-446420.1504349641	72998.76804377127	-373421.38239119283	301.18122012425175	304.861982427127	0.9529269587981604	155	5:56:36
3.8%	375000	1499.9999999921772	-445120.574948156	73328.20482057403	-371792.370127582	302.5404234786393	304.861982427127	0.9529269587981604	155	5:56:35
3.8%	376000	1503.9999999920826	-445814.4122417858	73242.60208254453	-372571.81015924126	302.1872402979281	304.861982427127	0.9529269587981604	155	5:56:34
3.8%	377000	1507.999999991988	-446949.4881354752	73761.30661049299	-373188.1815249822	304.3273320665702	304.861982427127	0.9529269587981604	155	5:56:34
3.8%	378000	1511.9999999918934	-445487.49732043524	72654.9907463569	-372832.50657407835	299.76285007964776	304.861982427127	0.9529269587981604	155	5:56:32
3.8%	379000	1515.9999999917989	-446009.5360140167	73362.13442324905	-372647.40159076767	302.68041158262855	304.861982427127	0.9529269587981604	155	5:56:31
3.8%	380000	1519.9999999917043	-446351.5451356289	73197.029342297	-373154.5157933319	301.99921447393166	304.861982427127	0.9529269587981604	155	5:56:34
3.8%	381000	1523.9999999916097	-446860.7266792087	72336.96290918696	-374523.76377002173	298.4507181820946	304.861982427127	0.9529269587981604	155	5:56:32
3.8%	382000	1527.999999991515	-447022.76922333473	73005.46325132664	-374017.3059720081	301.20884347783084	304.861982427127	0.9529269587981604	155	5:56:31
3.8%	383000	1531.9999999914205	-447548.8331248225	72413.27948209434	-375135.55364272813	298.76558813346367	304.861982427127	0.9529269587981604	155	5:56:30
3.8%	384000	1535.999999991326	-446400.34578620666	72836.0351901853	-373564.31059602136	300.5098104455577	304.861982427127	0.9529269587981604	155	5:56:29
3.9%	385000	1539.9999999912313	-445363.84951516474	73294.11756095872	-372069.731954206	302.3997849073764	304.861982427127	0.9529269587981604	155	5:56:27
3.9%	386000	1543.9999999911367	-446799.35718980106	72824.95423683687	-373974.4029529642	300.46409220757846	304.861982427127	0.9529269587981604	155	5:56:26
3.9%	387000	1547.9999999910422	-446703.6115420128	72096.97854640544	-374606.63299560733	297.46058115471436	304.861982427127	0.9529269587981604	155	5:56:25
3.9%	388000	1551.9999999909476	-446480.14981367555	72343.38077237108	-374136.7690413045	298.47719725723766	304.861982427127	0.9529269587981604	155	5:56:24
3.9%	389000	1555.999999990853	-446446.59951516474	72755.59269775171	-373691.006817413	300.1779176113327	304.861982427127	0.9529269587981604	155	5:56:22
3.9%	390000	1559.9999999907584	-446356.71736407164	73297.76508440741	-373058.9522796642	302.4148340046714	304.861982427127	0.9529269587981604	155	5:56:24
3.9%	391000	1563.9999999906638	-446278.8773298515	73019.02511826222	-373259.8522115893	301.26479756774603	304.861982427127	0.9529269587981604	155	5:56:23
3.9%	392000	1567.9999999905692	-447108.0104353563	73271.89768199029	-373836.112753366	302.3081092471144	304.861982427127	0.9529269587981604	155	5:56:22
3.9%	393000	1571.9999999904746	-446187.12303407444	72707.02472767467	-373480.09830639977	299.97753394899485	304.861982427127	0.9529269587981604	155	5:56:21
3.9%	394000	1575.99999999038	-445521.5754870861	72828.4081905341	-372693.167296552	300.47834266709526	304.861982427127	0.9529269587981604	155	5:56:19
4.0%	395000	1579.9999999902855	-445527.0486805355	73235.34915924643	-372291.6995212891	302.15731589855903	304.861982427127	0.9529269587981604	155	5:56:18
4.0%	396000	1583.9999999901909	-446496.1796947324	73028.7004694719	-373467.4792252605	301.30471651652493	304.861982427127	0.9529269587981604	155	5:56:16
4.0%	397000	1587.9999999900963	-445904.09729615063	73479.30959662783	-372424.7876995228	303.16385757263936	304.861982427127	0.9529269587981604	155	5:56:16
4.0%	398000	1591.9999999900017	-445864.1507004299	73309.90477352357	-372554.24592690635	302.46492041678374	304.861982427127	0.9529269587981604	155	5:56:14
4.0%	399000	1595.999999989907	-446691.5886480131	73241.07913254405	-373450.509515469	302.1809568502532	304.861982427127	0.9529269587981604	155	5:56:13
4.0%	400000	1599.9999999898125	-446273.8714811865	72837.04619647862	-373436.8252847078	300.51398169552726	304.861982427127	0.9529269587981604	155	5:56:14
4.0%	401000	1603.999999989718	-447322.15911423904	72696.77415279718	-374625.38496144186	299.9352417195325	304.861982427127	0.9529269587981604	155	5:56:13
4.0%	402000	1607.9999999896233	-447637.53210538253	73325.22198490397	-374312.31012047856	302.5281167766139	304.861982427127	0.9529269587981604	155	5:56:11
4.0%	403000	1611.9999999895288	-446818.5911478414	73049.65044378581	-373768.9407040556	301.3911527536632	304.861982427127	0.9529269587981604	155	5:56:10
4.0%	404000	1615.9999999894342	-446459.066052323	72997.06160008075	-373462.0044522422	301.1741796110135	304.861982427127	0.9529269587981604	155	5:56:09
4.0%	405000	1619.9999999893396	-446371.89126598206	72711.55556255655	-373660.3357034255	299.9962274477274	304.861982427127	0.9529269587981604	155	5:56:07
4.1%	406000	1623.999999989245	-446728.242606075	72226.87286009686	-374501.36974597815	297.9965042796269	304.861982427127	0.9529269587981604	155	5:56:06
4.1%	407000	1627.9999999891504	-447027.91982250335	72920.19753998262	-374107.7222825207	300.85705081522104	304.861982427127	0.9529269587981604	155	5:56:05
4.1%	408000	1631.9999999890558	-446040.85950994864	72564.04813607677	-373476.81137387187	299.38763544165516	304.861982427127	0.9529269587981604	155	5:56:03
4.1%	409000	1635.9999999889612	-447246.6505961467	73039.74209103745	-374206.90850510926	301.3502724778703	304.861982427127	0.9529269587981604	155	5:56:02
4.1%	410000	1639.9999999888666	-447150.0177019425	73026.19427084294	-374123.82343109953	301.294376342558	304.861982427127	0.9529269587981604	155	5:56:04
